1 , 16427 , 9405 , 18288
1 , 29593 , 2392 , 29819
1 , 3644 , 2458 , 3888
1 , 3661 , 2548 , 3898
1 , 3682 , 2548 , 3924
1 , 3700 , 2506 , 3948
1 , 3703 , 2533 , 3953
1 , 3712 , 2516 , 3932
1 , 3715 , 2496 , 3956
1 , 3719 , 2531 , 3958
1 , 3719 , 2560 , 3998
1 , 3721 , 2621 , 4014
1 , 3725 , 2553 , 3953
1 , 3728 , 2572 , 4025
1 , 3730 , 2585 , 3967
1 , 3731 , 2573 , 3964
1 , 3733 , 2491 , 3981
1 , 3739 , 2510 , 3967
1 , 3743 , 2629 , 3972
1 , 3755 , 2575 , 3983
1 , 3759 , 2587 , 4001
1 , 3759 , 2611 , 3992
1 , 3763 , 2557 , 4014
1 , 3763 , 2627 , 3993
1 , 3764 , 2602 , 4002
1 , 3767 , 2609 , 3992
1 , 3767 , 2643 , 4000
1 , 3771 , 2591 , 4018
1 , 3775 , 2624 , 4009
1 , 3779 , 2586 , 4058
1 , 3779 , 2646 , 4011
1 , 3780 , 2536 , 4062
1 , 3780 , 2615 , 4020
1 , 3783 , 2641 , 4023
1 , 3784 , 2582 , 4009
1 , 3786 , 2629 , 4009
1 , 3787 , 2612 , 4050
1 , 3789 , 2652 , 4012
1 , 3790 , 2636 , 4011
1 , 3791 , 2559 , 4051
1 , 3791 , 2563 , 4029
1 , 3792 , 2622 , 4033
1 , 3793 , 2589 , 4028
1 , 3797 , 2624 , 4036
1 , 3799 , 2632 , 4079
1 , 3800 , 2636 , 4039
1 , 3802 , 2574 , 4042
1 , 3804 , 2564 , 4034
1 , 3805 , 2621 , 4066
1 , 3808 , 2606 , 4110
1 , 3808 , 2670 , 4034
1 , 3810 , 2631 , 4060
1 , 3812 , 2618 , 4034
1 , 3813 , 2641 , 4051
1 , 3813 , 2663 , 4064
1 , 3814 , 2640 , 4040
1 , 3815 , 2623 , 4040
1 , 3815 , 2643 , 4042
1 , 3816 , 2602 , 4044
1 , 3816 , 2632 , 4061
1 , 3817 , 2597 , 4047
1 , 3818 , 2627 , 4057
1 , 3819 , 2605 , 4052
1 , 3819 , 2638 , 4095
1 , 3820 , 2596 , 4055
1 , 3820 , 2597 , 4051
1 , 3822 , 2640 , 4059
1 , 3822 , 2655 , 4046
1 , 3824 , 2635 , 4051
1 , 3824 , 2651 , 4059
1 , 3824 , 2679 , 4045
1 , 3826 , 2615 , 4059
1 , 3826 , 2663 , 4072
1 , 3830 , 2614 , 4108
1 , 3830 , 2659 , 4064
1 , 3831 , 2589 , 4068
1 , 3831 , 2623 , 4064
1 , 3831 , 2642 , 4061
1 , 3832 , 2595 , 4070
1 , 3834 , 2616 , 4099
1 , 3834 , 2663 , 4065
1 , 3834 , 2688 , 4064
1 , 3837 , 2589 , 4075
1 , 3837 , 2657 , 4066
1 , 3838 , 2636 , 4061
1 , 3838 , 2690 , 4074
1 , 3839 , 2666 , 4093
1 , 3839 , 2674 , 4071
1 , 3840 , 2626 , 4079
1 , 3840 , 2655 , 4136
1 , 3840 , 2766 , 4090
1 , 3841 , 2622 , 4069
1 , 3841 , 2635 , 4073
1 , 3842 , 2613 , 4069
1 , 3843 , 2638 , 4082
1 , 3845 , 2562 , 4101
1 , 3846 , 2576 , 4113
1 , 3847 , 2690 , 4084
1 , 3849 , 2664 , 4102
1 , 3850 , 2621 , 4081
1 , 3850 , 2687 , 4096
1 , 3850 , 2753 , 4096
1 , 3852 , 2673 , 4081
1 , 3853 , 2705 , 4098
1 , 3855 , 2577 , 4081
1 , 3857 , 2613 , 4091
1 , 3860 , 2658 , 4101
1 , 3862 , 2661 , 4087
1 , 3864 , 2669 , 4140
1 , 3865 , 2621 , 4146
1 , 3869 , 2729 , 4113
1 , 3870 , 2630 , 4110
1 , 3872 , 2625 , 4110
1 , 3873 , 2586 , 4159
1 , 3873 , 2648 , 4101
1 , 3874 , 2648 , 4134
1 , 3874 , 2700 , 4126
1 , 3875 , 2666 , 4119
1 , 3875 , 2669 , 4115
1 , 3875 , 2680 , 4126
1 , 3876 , 2639 , 4107
1 , 3876 , 2680 , 4188
1 , 3878 , 2649 , 4111
1 , 3878 , 2673 , 4144
1 , 3879 , 2669 , 4139
1 , 3880 , 2606 , 4111
1 , 3880 , 2773 , 4127
1 , 3882 , 2634 , 4125
1 , 3883 , 2625 , 4110
1 , 3884 , 2610 , 4109
1 , 3889 , 2636 , 4120
1 , 3890 , 2604 , 4103
1 , 3890 , 2718 , 4117
1 , 3892 , 2689 , 4145
1 , 3895 , 2654 , 4133
1 , 3896 , 2707 , 4174
1 , 3898 , 2796 , 4145
1 , 3899 , 2669 , 4143
1 , 3901 , 2718 , 4198
1 , 3903 , 2646 , 4158
1 , 3903 , 2722 , 4144
1 , 3904 , 2698 , 4188
1 , 3908 , 2677 , 4131
1 , 3911 , 2640 , 4197
1 , 3912 , 2672 , 4163
1 , 3919 , 2784 , 4164
1 , 3924 , 2717 , 4166
1 , 3930 , 2753 , 4174
1 , 3932 , 2732 , 4161
1 , 3933 , 2643 , 4187
1 , 3934 , 2690 , 4202
1 , 3935 , 2796 , 4177
1 , 3949 , 2640 , 4274
1 , 3952 , 2690 , 4186
1 , 3956 , 2690 , 4278
1 , 3959 , 2687 , 4214
1 , 3961 , 2951 , 4223
1 , 3967 , 2667 , 4191
1 , 3982 , 2650 , 4222
1 , 4011 , 2611 , 4276
1 , 4038 , 2609 , 4293
1 , 4045 , 2928 , 4278
1 , 4062 , 2636 , 4286
1 , 4071 , 2980 , 4329
1 , 4089 , 2671 , 4357
1 , 4097 , 2624 , 4367
1 , 4107 , 2650 , 4379
1 , 4107 , 2676 , 4371
1 , 4113 , 2673 , 4361
1 , 4132 , 2604 , 4362
1 , 4136 , 2595 , 4363
1 , 4156 , 2674 , 4416
1 , 4158 , 2694 , 4411
1 , 4169 , 2701 , 4418
1 , 4177 , 2628 , 4406
1 , 4187 , 2891 , 4520
1 , 4192 , 2649 , 4443
1 , 4214 , 2961 , 4489
1 , 4265 , 2704 , 4509
1 , 4278 , 2658 , 4506
1 , 4278 , 2979 , 4497
1 , 4281 , 2867 , 4554
1 , 4299 , 2603 , 4535
1 , 4344 , 2636 , 4572
1 , 4349 , 2645 , 4571
1 , 4359 , 2687 , 4593
1 , 4379 , 2632 , 4676
1 , 4382 , 3509 , 4735
1 , 4429 , 2722 , 4652
1 , 4440 , 2755 , 4671
1 , 4462 , 2645 , 4706
1 , 4553 , 2658 , 4802
1 , 4638 , 3400 , 4984
1 , 4730 , 2635 , 4990
1 , 4824 , 2832 , 5092
1 , 4888 , 2647 , 5204
1 , 5073 , 3827 , 5304
1 , 5305 , 4099 , 5516
1 , 5687 , 2663 , 5957
1 , 5937 , 4470 , 6252
