1024 , 15185 , 2517 , 15457
1024 , 15861 , 12330 , 16130
1024 , 19676 , 2591 , 19926
1024 , 5907 , 2451 , 6184
1024 , 5911 , 2425 , 6188
1024 , 5918 , 2618 , 6174
1024 , 5924 , 2455 , 6207
1024 , 5943 , 2476 , 6201
1024 , 5947 , 2485 , 6207
1024 , 5949 , 2471 , 6174
1024 , 5953 , 2438 , 6220
1024 , 5953 , 2462 , 6219
1024 , 5954 , 2462 , 6201
1024 , 5955 , 2459 , 6219
1024 , 5955 , 2475 , 6231
1024 , 5956 , 2474 , 6210
1024 , 5958 , 2458 , 6223
1024 , 5961 , 2525 , 6236
1024 , 5964 , 2478 , 6229
1024 , 5968 , 2511 , 6216
1024 , 5972 , 2460 , 6223
1024 , 5975 , 2435 , 6240
1024 , 5981 , 2474 , 6247
1024 , 5982 , 2404 , 6262
1024 , 5984 , 2511 , 6245
1024 , 5986 , 2474 , 6252
1024 , 5987 , 2482 , 6245
1024 , 5991 , 2476 , 6253
1024 , 5992 , 2464 , 6255
1024 , 6002 , 2510 , 6263
1024 , 6012 , 2494 , 6272
1024 , 6020 , 2553 , 6297
1024 , 6025 , 2540 , 6321
1024 , 6032 , 2497 , 6283
1024 , 6035 , 2567 , 6294
1024 , 6041 , 2459 , 6303
1024 , 6044 , 2577 , 6307
1024 , 6047 , 2615 , 6312
1024 , 6054 , 2564 , 6324
1024 , 6054 , 2592 , 6340
1024 , 6056 , 2581 , 6345
1024 , 6059 , 2617 , 6342
1024 , 6061 , 2640 , 6316
1024 , 6062 , 2588 , 6314
1024 , 6063 , 2499 , 6341
1024 , 6063 , 2636 , 6293
1024 , 6071 , 2580 , 6352
1024 , 6073 , 2588 , 6340
1024 , 6073 , 2631 , 6325
1024 , 6080 , 2645 , 6345
1024 , 6084 , 2608 , 6341
1024 , 6084 , 2615 , 6343
1024 , 6087 , 2626 , 6354
1024 , 6091 , 2591 , 6375
1024 , 6092 , 2625 , 6360
1024 , 6093 , 2592 , 6375
1024 , 6093 , 2650 , 6376
1024 , 6094 , 2610 , 6368
1024 , 6094 , 2621 , 6357
1024 , 6096 , 2616 , 6382
1024 , 6097 , 2572 , 6376
1024 , 6097 , 2603 , 6366
1024 , 6097 , 2690 , 6355
1024 , 6100 , 2644 , 6369
1024 , 6103 , 2669 , 6386
1024 , 6105 , 2620 , 6378
1024 , 6105 , 2642 , 6363
1024 , 6107 , 2658 , 6374
1024 , 6108 , 2635 , 6367
1024 , 6109 , 2538 , 6390
1024 , 6110 , 2612 , 6365
1024 , 6111 , 2612 , 6379
1024 , 6111 , 2615 , 6362
1024 , 6113 , 2611 , 6368
1024 , 6113 , 2631 , 6380
1024 , 6113 , 2640 , 6386
1024 , 6115 , 2607 , 6380
1024 , 6115 , 2668 , 6373
1024 , 6117 , 2588 , 6386
1024 , 6117 , 2611 , 6383
1024 , 6117 , 2640 , 6375
1024 , 6118 , 2596 , 6386
1024 , 6119 , 2571 , 6395
1024 , 6119 , 2656 , 6393
1024 , 6121 , 2644 , 6369
1024 , 6122 , 2610 , 6391
1024 , 6122 , 2621 , 6385
1024 , 6122 , 2626 , 6369
1024 , 6122 , 2666 , 6394
1024 , 6124 , 2597 , 6406
1024 , 6124 , 2642 , 6382
1024 , 6125 , 2641 , 6377
1024 , 6128 , 2630 , 6394
1024 , 6128 , 2665 , 6383
1024 , 6129 , 2658 , 6398
1024 , 6130 , 2605 , 6398
1024 , 6130 , 2639 , 6395
1024 , 6130 , 2641 , 6403
1024 , 6130 , 2652 , 6451
1024 , 6132 , 2598 , 6413
1024 , 6132 , 2601 , 6396
1024 , 6132 , 2731 , 6399
1024 , 6133 , 2648 , 6415
1024 , 6135 , 2610 , 6386
1024 , 6135 , 2673 , 6384
1024 , 6137 , 2616 , 6418
1024 , 6137 , 2630 , 6393
1024 , 6138 , 2669 , 6393
1024 , 6139 , 2619 , 6406
1024 , 6140 , 2664 , 6399
1024 , 6142 , 2666 , 6412
1024 , 6143 , 2627 , 6407
1024 , 6143 , 2660 , 6397
1024 , 6143 , 2663 , 6410
1024 , 6144 , 2618 , 6399
1024 , 6144 , 2626 , 6415
1024 , 6144 , 2667 , 6399
1024 , 6144 , 2688 , 6414
1024 , 6145 , 2624 , 6409
1024 , 6145 , 2629 , 6404
1024 , 6145 , 2680 , 6401
1024 , 6146 , 2616 , 6412
1024 , 6146 , 2646 , 6401
1024 , 6146 , 2658 , 6400
1024 , 6146 , 2688 , 6397
1024 , 6150 , 2605 , 6417
1024 , 6152 , 2652 , 6405
1024 , 6154 , 2622 , 6424
1024 , 6154 , 2653 , 6407
1024 , 6155 , 2664 , 6408
1024 , 6157 , 2690 , 6436
1024 , 6159 , 2639 , 6414
1024 , 6159 , 2670 , 6421
1024 , 6160 , 2618 , 6438
1024 , 6160 , 2664 , 6411
1024 , 6160 , 2677 , 6413
1024 , 6161 , 2648 , 6431
1024 , 6162 , 2698 , 6427
1024 , 6163 , 2680 , 6415
1024 , 6165 , 2671 , 6451
1024 , 6165 , 2687 , 6417
1024 , 6165 , 2705 , 6418
1024 , 6169 , 2640 , 6439
1024 , 6169 , 2649 , 6426
1024 , 6171 , 2640 , 6427
1024 , 6171 , 2653 , 6424
1024 , 6171 , 2678 , 6452
1024 , 6172 , 2709 , 6427
1024 , 6174 , 2679 , 6439
1024 , 6174 , 2710 , 6440
1024 , 6176 , 2612 , 6425
1024 , 6176 , 2621 , 6460
1024 , 6176 , 2636 , 6450
1024 , 6176 , 2698 , 6430
1024 , 6177 , 2646 , 6449
1024 , 6177 , 2770 , 6440
1024 , 6180 , 2685 , 6459
1024 , 6183 , 2710 , 6449
1024 , 6184 , 2670 , 6441
1024 , 6185 , 2689 , 6449
1024 , 6189 , 2615 , 6510
1024 , 6189 , 2655 , 6452
1024 , 6189 , 2659 , 6437
1024 , 6189 , 2694 , 6442
1024 , 6190 , 2658 , 6442
1024 , 6190 , 2662 , 6442
1024 , 6191 , 2636 , 6487
1024 , 6191 , 2664 , 6444
1024 , 6191 , 2694 , 6447
1024 , 6193 , 2675 , 6447
1024 , 6195 , 2638 , 6454
1024 , 6197 , 2651 , 6446
1024 , 6201 , 2669 , 6511
1024 , 6201 , 2703 , 6454
1024 , 6201 , 2723 , 6454
1024 , 6202 , 2653 , 6467
1024 , 6204 , 2652 , 6473
1024 , 6205 , 2686 , 6463
1024 , 6208 , 2646 , 6469
1024 , 6208 , 2652 , 6466
1024 , 6208 , 2660 , 6474
1024 , 6208 , 2671 , 6475
1024 , 6209 , 2649 , 6474
1024 , 6210 , 2659 , 6464
1024 , 6213 , 2648 , 6482
1024 , 6214 , 2705 , 6489
1024 , 6216 , 2789 , 6482
1024 , 6217 , 2724 , 6485
1024 , 6232 , 2656 , 6494
1024 , 6232 , 2672 , 6504
1024 , 6234 , 2671 , 6488
1024 , 6235 , 2667 , 6516
1024 , 6238 , 2668 , 6503
1024 , 6242 , 2646 , 6513
1024 , 6277 , 2708 , 6558
1024 , 6506 , 2603 , 6761
1024 , 6696 , 2774 , 6968
1024 , 7200 , 3759 , 7468
1024 , 7735 , 2931 , 7988
1024 , 79607 , 26765 , 80164
