16 , 12139 , 2208 , 12396
16 , 12342 , 2388 , 12612
16 , 12622 , 2293 , 12912
16 , 17614 , 2684 , 17876
16 , 3320 , 2111 , 3569
16 , 3422 , 2243 , 3680
16 , 3428 , 2360 , 3695
16 , 3436 , 2281 , 3706
16 , 3438 , 2335 , 3715
16 , 3442 , 2292 , 3701
16 , 3465 , 2346 , 3729
16 , 3472 , 2308 , 3749
16 , 3507 , 2464 , 3775
16 , 3511 , 2349 , 3776
16 , 3521 , 2339 , 3780
16 , 3524 , 2332 , 3787
16 , 3546 , 2341 , 3834
16 , 3547 , 2446 , 3818
16 , 3554 , 2317 , 3820
16 , 3562 , 2430 , 3833
16 , 3563 , 2375 , 3864
16 , 3569 , 2366 , 3826
16 , 3569 , 2367 , 3808
16 , 3571 , 2438 , 3842
16 , 3572 , 2410 , 3841
16 , 3581 , 2393 , 3836
16 , 3581 , 2501 , 3835
16 , 3584 , 2465 , 3848
16 , 3586 , 2456 , 3848
16 , 3587 , 2465 , 3856
16 , 3595 , 2464 , 3922
16 , 3598 , 2433 , 3866
16 , 3600 , 2462 , 3870
16 , 3601 , 2380 , 3894
16 , 3603 , 2407 , 3853
16 , 3605 , 2363 , 3906
16 , 3610 , 2419 , 3880
16 , 3612 , 2453 , 3878
16 , 3612 , 2462 , 3896
16 , 3612 , 2466 , 3900
16 , 3613 , 2405 , 3931
16 , 3613 , 2464 , 3895
16 , 3615 , 2436 , 3870
16 , 3624 , 2417 , 3880
16 , 3624 , 2430 , 3894
16 , 3626 , 2481 , 3858
16 , 3627 , 2463 , 3882
16 , 3628 , 2388 , 3884
16 , 3628 , 2466 , 3898
16 , 3629 , 2433 , 3856
16 , 3633 , 2496 , 3894
16 , 3634 , 2447 , 3904
16 , 3637 , 2511 , 3907
16 , 3638 , 2384 , 3899
16 , 3639 , 2453 , 3908
16 , 3640 , 2456 , 3895
16 , 3643 , 2466 , 3908
16 , 3644 , 2444 , 3908
16 , 3644 , 2452 , 3904
16 , 3645 , 2515 , 3910
16 , 3646 , 2592 , 3916
16 , 3647 , 2450 , 3906
16 , 3647 , 2514 , 3911
16 , 3648 , 2488 , 3903
16 , 3649 , 2458 , 3916
16 , 3649 , 2482 , 3908
16 , 3650 , 2462 , 3902
16 , 3652 , 2487 , 3906
16 , 3655 , 2490 , 3909
16 , 3655 , 2536 , 3919
16 , 3658 , 2452 , 3903
16 , 3660 , 2460 , 3890
16 , 3660 , 2502 , 3912
16 , 3662 , 2519 , 3927
16 , 3663 , 2520 , 3924
16 , 3665 , 2452 , 3948
16 , 3665 , 2497 , 3929
16 , 3665 , 2515 , 3929
16 , 3666 , 2472 , 3925
16 , 3668 , 2424 , 3928
16 , 3669 , 2482 , 3951
16 , 3669 , 2493 , 3938
16 , 3670 , 2502 , 3923
16 , 3674 , 2513 , 3933
16 , 3676 , 2546 , 3929
16 , 3676 , 2559 , 3930
16 , 3677 , 2501 , 3967
16 , 3680 , 2500 , 3941
16 , 3680 , 2553 , 3952
16 , 3682 , 2479 , 3937
16 , 3684 , 2459 , 3937
16 , 3684 , 2513 , 3955
16 , 3685 , 2486 , 3952
16 , 3685 , 2487 , 3939
16 , 3686 , 2444 , 3954
16 , 3686 , 2497 , 3966
16 , 3689 , 2476 , 3957
16 , 3690 , 2483 , 3975
16 , 3690 , 2516 , 3948
16 , 3692 , 2482 , 3945
16 , 3692 , 2485 , 3958
16 , 3693 , 2472 , 3976
16 , 3694 , 2529 , 3942
16 , 3696 , 2481 , 3975
16 , 3697 , 2537 , 3969
16 , 3698 , 2492 , 3949
16 , 3698 , 2519 , 3952
16 , 3698 , 2527 , 3955
16 , 3699 , 2534 , 3954
16 , 3700 , 2525 , 3967
16 , 3701 , 2536 , 3959
16 , 3703 , 2532 , 3954
16 , 3703 , 2548 , 3955
16 , 3704 , 2558 , 3964
16 , 3705 , 2507 , 3973
16 , 3705 , 2521 , 3975
16 , 3705 , 2562 , 3974
16 , 3709 , 2553 , 3962
16 , 3711 , 2505 , 3971
16 , 3712 , 2497 , 3978
16 , 3713 , 2549 , 3971
16 , 3714 , 2510 , 3987
16 , 3714 , 2524 , 3985
16 , 3714 , 2570 , 3977
16 , 3715 , 2512 , 4002
16 , 3717 , 2548 , 3980
16 , 3718 , 2490 , 3992
16 , 3718 , 2504 , 3991
16 , 3718 , 2555 , 3969
16 , 3719 , 2583 , 3979
16 , 3721 , 2550 , 3984
16 , 3722 , 2563 , 3979
16 , 3722 , 2568 , 3972
16 , 3724 , 2550 , 3989
16 , 3725 , 2541 , 3978
16 , 3729 , 2495 , 4004
16 , 3730 , 2522 , 3989
16 , 3732 , 2488 , 3992
16 , 3732 , 2520 , 3989
16 , 3733 , 2524 , 3995
16 , 3734 , 2510 , 3993
16 , 3735 , 2574 , 4008
16 , 3737 , 2528 , 4000
16 , 3737 , 2553 , 4022
16 , 3739 , 2559 , 4017
16 , 3740 , 2531 , 4001
16 , 3740 , 2535 , 4006
16 , 3741 , 2535 , 3999
16 , 3741 , 2544 , 3960
16 , 3743 , 2672 , 4016
16 , 3746 , 2553 , 3998
16 , 3752 , 2532 , 4008
16 , 3753 , 2551 , 4007
16 , 3753 , 2676 , 4006
16 , 3754 , 2504 , 4018
16 , 3755 , 2516 , 4020
16 , 3755 , 2528 , 4036
16 , 3755 , 2537 , 4008
16 , 3757 , 2502 , 4009
16 , 3758 , 2577 , 4037
16 , 3759 , 2558 , 4033
16 , 3760 , 2533 , 4017
16 , 3762 , 2554 , 4019
16 , 3762 , 2579 , 4042
16 , 3766 , 2745 , 4044
16 , 3767 , 2539 , 4027
16 , 3769 , 2543 , 4056
16 , 3770 , 2565 , 4009
16 , 3771 , 2701 , 4022
16 , 3772 , 2533 , 4020
16 , 3774 , 2518 , 4017
16 , 3778 , 2544 , 4031
16 , 3779 , 2548 , 4033
16 , 3784 , 2732 , 4038
16 , 3785 , 2561 , 4038
16 , 3791 , 2569 , 4044
16 , 3792 , 2651 , 4066
16 , 3793 , 2527 , 4069
16 , 3795 , 2555 , 4051
16 , 3798 , 2482 , 4059
16 , 3806 , 2536 , 4062
16 , 3806 , 2559 , 4055
16 , 3806 , 2597 , 4060
16 , 3811 , 2525 , 4074
16 , 3818 , 2562 , 4083
16 , 3822 , 2592 , 4079
16 , 3822 , 2656 , 4101
16 , 3826 , 2576 , 4080
16 , 3863 , 2740 , 4103
16 , 4118 , 2543 , 4394
16 , 4120 , 2644 , 4385
16 , 4129 , 2609 , 4402
16 , 4136 , 2952 , 4409
16 , 4163 , 2594 , 4431
16 , 4178 , 2636 , 4434
16 , 4202 , 2677 , 4474
16 , 4289 , 2649 , 4569
16 , 4289 , 2669 , 4561
16 , 4289 , 2702 , 4547
16 , 77897 , 26333 , 78463
