16384 , 45132 , 5719 , 45404
16384 , 45163 , 5723 , 45443
16384 , 45225 , 5842 , 45509
16384 , 45231 , 5825 , 45489
16384 , 45236 , 5773 , 45506
16384 , 45244 , 5743 , 45510
16384 , 45245 , 5791 , 45511
16384 , 45254 , 5851 , 45536
16384 , 45255 , 5929 , 45538
16384 , 45256 , 5798 , 45526
16384 , 45264 , 5796 , 45546
16384 , 45267 , 5865 , 45536
16384 , 45269 , 5841 , 45577
16384 , 45272 , 5938 , 45552
16384 , 45291 , 5877 , 45608
16384 , 45296 , 5973 , 45553
16384 , 45300 , 5894 , 45572
16384 , 45302 , 5826 , 45572
16384 , 45302 , 5859 , 45574
16384 , 45308 , 5931 , 45608
16384 , 45309 , 5818 , 45563
16384 , 45311 , 5829 , 45619
16384 , 45314 , 5956 , 45594
16384 , 45320 , 5990 , 45600
16384 , 45321 , 5945 , 45580
16384 , 45324 , 5917 , 45597
16384 , 45327 , 5868 , 45627
16384 , 45327 , 5919 , 45598
16384 , 45330 , 5920 , 45619
16384 , 45332 , 6055 , 45605
16384 , 45333 , 5919 , 45601
16384 , 45334 , 5832 , 45601
16384 , 45337 , 5920 , 45622
16384 , 45340 , 5930 , 45593
16384 , 45342 , 5845 , 45615
16384 , 45345 , 5941 , 45622
16384 , 45346 , 5995 , 45591
16384 , 45348 , 5990 , 45621
16384 , 45349 , 5826 , 45619
16384 , 45352 , 5932 , 45624
16384 , 45353 , 5981 , 45634
16384 , 45356 , 5948 , 45637
16384 , 45356 , 5971 , 45634
16384 , 45357 , 5898 , 45611
16384 , 45362 , 5948 , 45641
16384 , 45364 , 5969 , 45641
16384 , 45367 , 5887 , 45643
16384 , 45367 , 6087 , 45629
16384 , 45369 , 5991 , 45640
16384 , 45371 , 5954 , 45625
16384 , 45373 , 6052 , 45647
16384 , 45374 , 5904 , 45630
16384 , 45374 , 5929 , 45639
16384 , 45374 , 5966 , 45642
16384 , 45374 , 5968 , 45645
16384 , 45375 , 6077 , 45645
16384 , 45375 , 6082 , 45643
16384 , 45376 , 5781 , 45641
16384 , 45376 , 5948 , 45649
16384 , 45378 , 5961 , 45668
16384 , 45387 , 6035 , 45675
16384 , 45388 , 5879 , 45656
16384 , 45390 , 5880 , 45684
16384 , 45391 , 5992 , 45691
16384 , 45392 , 5874 , 45659
16384 , 45392 , 6020 , 45650
16384 , 45393 , 6043 , 45647
16384 , 45394 , 5971 , 45669
16384 , 45394 , 5985 , 45663
16384 , 45394 , 5994 , 45662
16384 , 45394 , 6001 , 45676
16384 , 45394 , 6007 , 45668
16384 , 45395 , 6109 , 45655
16384 , 45399 , 5995 , 45655
16384 , 45403 , 5961 , 45687
16384 , 45405 , 5903 , 45674
16384 , 45405 , 5974 , 45664
16384 , 45408 , 5973 , 45668
16384 , 45409 , 5972 , 45685
16384 , 45411 , 5988 , 45670
16384 , 45414 , 5987 , 45671
16384 , 45415 , 6051 , 45672
16384 , 45415 , 6071 , 45681
16384 , 45417 , 5904 , 45672
16384 , 45422 , 5950 , 45691
16384 , 45423 , 5992 , 45695
16384 , 45424 , 6074 , 45685
16384 , 45425 , 6009 , 45696
16384 , 45425 , 6014 , 45688
16384 , 45425 , 6023 , 45691
16384 , 45428 , 5991 , 45685
16384 , 45428 , 6054 , 45717
16384 , 45430 , 5881 , 45686
16384 , 45435 , 6034 , 45729
16384 , 45439 , 5985 , 45695
16384 , 45444 , 5954 , 45727
16384 , 45444 , 6030 , 45687
16384 , 45449 , 5997 , 45717
16384 , 45455 , 5924 , 45720
16384 , 45456 , 5886 , 45751
16384 , 45456 , 5944 , 45737
16384 , 45456 , 5978 , 45713
16384 , 45456 , 6008 , 45722
16384 , 45457 , 6027 , 45717
16384 , 45457 , 6041 , 45720
16384 , 45457 , 6041 , 45727
16384 , 45457 , 6046 , 45722
16384 , 45458 , 5864 , 45747
16384 , 45458 , 5965 , 45745
16384 , 45458 , 6021 , 45723
16384 , 45460 , 5995 , 45737
16384 , 45460 , 6109 , 45737
16384 , 45463 , 6176 , 45721
16384 , 45467 , 5914 , 45744
16384 , 45470 , 5955 , 45731
16384 , 45472 , 6073 , 45734
16384 , 45472 , 6129 , 45744
16384 , 45472 , 6179 , 45741
16384 , 45473 , 6080 , 45750
16384 , 45473 , 6098 , 45754
16384 , 45474 , 6036 , 45745
16384 , 45474 , 6057 , 45732
16384 , 45476 , 5936 , 45738
16384 , 45481 , 6075 , 45738
16384 , 45482 , 6136 , 45761
16384 , 45483 , 5978 , 45745
16384 , 45483 , 5989 , 45790
16384 , 45483 , 6050 , 45746
16384 , 45485 , 5948 , 45754
16384 , 45489 , 6080 , 45766
16384 , 45493 , 6017 , 45761
16384 , 45495 , 6012 , 45781
16384 , 45496 , 6010 , 45757
16384 , 45499 , 6002 , 45779
16384 , 45505 , 5769 , 45802
16384 , 45506 , 6057 , 45802
16384 , 45507 , 6054 , 45779
16384 , 45515 , 6011 , 45785
16384 , 45515 , 6015 , 45798
16384 , 45515 , 6028 , 45786
16384 , 45515 , 6131 , 45790
16384 , 45516 , 5961 , 45784
16384 , 45516 , 6045 , 45773
16384 , 45519 , 5977 , 45790
16384 , 45519 , 6070 , 45797
16384 , 45522 , 6122 , 45807
16384 , 45524 , 5998 , 45794
16384 , 45524 , 6189 , 45795
16384 , 45526 , 5997 , 45798
16384 , 45526 , 6074 , 45786
16384 , 45528 , 5957 , 45811
16384 , 45530 , 6090 , 45786
16384 , 45537 , 5992 , 45813
16384 , 45542 , 6004 , 45811
16384 , 45544 , 6012 , 45834
16384 , 45547 , 5972 , 45806
16384 , 45549 , 5916 , 45821
16384 , 45553 , 6028 , 45811
16384 , 45553 , 6055 , 45822
16384 , 45559 , 6013 , 45825
16384 , 45562 , 6043 , 45827
16384 , 45565 , 5982 , 45823
16384 , 45572 , 6189 , 45832
16384 , 45573 , 6101 , 45832
16384 , 45576 , 6052 , 45861
16384 , 45584 , 5888 , 45881
16384 , 45584 , 6080 , 45861
16384 , 45585 , 6123 , 45852
16384 , 45587 , 6135 , 45849
16384 , 45606 , 6080 , 45877
16384 , 45616 , 6247 , 45869
16384 , 45623 , 6141 , 45907
16384 , 45635 , 6127 , 45908
16384 , 45639 , 6170 , 45908
16384 , 45642 , 5893 , 45923
16384 , 45651 , 6113 , 45910
16384 , 45683 , 6191 , 45944
16384 , 45688 , 6074 , 45959
16384 , 45692 , 6225 , 45982
16384 , 45706 , 5860 , 45982
16384 , 45712 , 6156 , 45981
16384 , 45720 , 6237 , 45977
16384 , 45787 , 5998 , 46066
16384 , 45789 , 5997 , 46052
16384 , 45804 , 6071 , 46074
16384 , 45804 , 6385 , 46092
16384 , 45905 , 6089 , 46164
16384 , 45936 , 6510 , 46208
16384 , 45970 , 6381 , 46245
16384 , 45988 , 6083 , 46265
16384 , 46820 , 6205 , 47088
16384 , 46945 , 6248 , 47227
16384 , 47150 , 6313 , 47452
16384 , 47173 , 6260 , 47457
16384 , 53551 , 14605 , 53829
16384 , 54381 , 5870 , 54665
16384 , 58035 , 5823 , 58313
16384 , 59555 , 5740 , 59829
16384 , 67577 , 10923 , 67823
16384 , 74845 , 6223 , 75151
