2 , 12318 , 2217 , 12575
2 , 12577 , 2298 , 12862
2 , 12804 , 2358 , 13088
2 , 17260 , 2688 , 17530
2 , 2465 , 2424 , 2718
2 , 3370 , 2381 , 3639
2 , 3385 , 2242 , 3685
2 , 3389 , 2251 , 3640
2 , 3395 , 2267 , 3680
2 , 3405 , 2282 , 3693
2 , 3417 , 2255 , 3696
2 , 3419 , 2268 , 3701
2 , 3442 , 2303 , 3722
2 , 3464 , 2343 , 3773
2 , 3487 , 2265 , 3781
2 , 3489 , 2324 , 3768
2 , 3489 , 2350 , 3801
2 , 3490 , 2444 , 3773
2 , 3493 , 2377 , 3779
2 , 3509 , 2404 , 3791
2 , 3513 , 2401 , 3784
2 , 3514 , 2426 , 3768
2 , 3525 , 2434 , 3809
2 , 3526 , 2412 , 3802
2 , 3529 , 2476 , 3797
2 , 3529 , 2489 , 3805
2 , 3530 , 2440 , 3805
2 , 3532 , 2456 , 3825
2 , 3533 , 2408 , 3844
2 , 3533 , 2456 , 3822
2 , 3534 , 2410 , 3803
2 , 3535 , 2414 , 3815
2 , 3535 , 2426 , 3807
2 , 3536 , 2423 , 3821
2 , 3539 , 2387 , 3827
2 , 3539 , 2432 , 3806
2 , 3541 , 2407 , 3816
2 , 3541 , 2419 , 3810
2 , 3543 , 2380 , 3815
2 , 3543 , 2435 , 3817
2 , 3544 , 2434 , 3815
2 , 3547 , 2414 , 3804
2 , 3549 , 2413 , 3820
2 , 3550 , 2372 , 3826
2 , 3550 , 2450 , 3825
2 , 3551 , 2412 , 3838
2 , 3552 , 2430 , 3798
2 , 3554 , 2419 , 3825
2 , 3556 , 2400 , 3842
2 , 3558 , 2396 , 3834
2 , 3558 , 2447 , 3831
2 , 3559 , 2400 , 3831
2 , 3559 , 2412 , 3829
2 , 3561 , 2433 , 3834
2 , 3562 , 2339 , 3874
2 , 3563 , 2405 , 3846
2 , 3565 , 2440 , 3834
2 , 3566 , 2379 , 3837
2 , 3566 , 2474 , 3837
2 , 3567 , 2483 , 3840
2 , 3568 , 2447 , 3848
2 , 3570 , 2417 , 3884
2 , 3570 , 2483 , 3843
2 , 3572 , 2436 , 3858
2 , 3572 , 2455 , 3867
2 , 3572 , 2496 , 3844
2 , 3573 , 2412 , 3842
2 , 3573 , 2438 , 3867
2 , 3573 , 2447 , 3840
2 , 3575 , 2449 , 3843
2 , 3576 , 2423 , 3851
2 , 3576 , 2478 , 3858
2 , 3578 , 2431 , 3858
2 , 3578 , 2444 , 3860
2 , 3578 , 2461 , 3838
2 , 3578 , 2524 , 3835
2 , 3579 , 2412 , 3866
2 , 3579 , 2451 , 3854
2 , 3579 , 2453 , 3863
2 , 3581 , 2466 , 3865
2 , 3582 , 2464 , 3855
2 , 3583 , 2387 , 3862
2 , 3583 , 2452 , 3872
2 , 3583 , 2464 , 3862
2 , 3583 , 2519 , 3867
2 , 3584 , 2475 , 3855
2 , 3585 , 2400 , 3835
2 , 3585 , 2429 , 3828
2 , 3586 , 2420 , 3859
2 , 3587 , 2435 , 3873
2 , 3587 , 2436 , 3832
2 , 3588 , 2434 , 3861
2 , 3588 , 2436 , 3864
2 , 3588 , 2444 , 3875
2 , 3588 , 2500 , 3862
2 , 3590 , 2411 , 3863
2 , 3590 , 2411 , 3872
2 , 3590 , 2422 , 3874
2 , 3590 , 2460 , 3860
2 , 3592 , 2422 , 3873
2 , 3593 , 2447 , 3883
2 , 3593 , 2494 , 3889
2 , 3596 , 2443 , 3881
2 , 3596 , 2475 , 3864
2 , 3596 , 2513 , 3883
2 , 3597 , 2445 , 3882
2 , 3598 , 2557 , 3872
2 , 3599 , 2442 , 3877
2 , 3599 , 2504 , 3868
2 , 3599 , 2563 , 3876
2 , 3600 , 2354 , 3893
2 , 3600 , 2433 , 3883
2 , 3601 , 2437 , 3892
2 , 3601 , 2448 , 3886
2 , 3602 , 2414 , 3884
2 , 3602 , 2426 , 3871
2 , 3603 , 2453 , 3899
2 , 3603 , 2462 , 3876
2 , 3603 , 2468 , 3875
2 , 3604 , 2444 , 3886
2 , 3604 , 2478 , 3871
2 , 3605 , 2432 , 3888
2 , 3605 , 2456 , 3874
2 , 3606 , 2408 , 3858
2 , 3606 , 2424 , 3889
2 , 3607 , 2430 , 3877
2 , 3607 , 2539 , 3882
2 , 3608 , 2431 , 3889
2 , 3608 , 2467 , 3865
2 , 3608 , 2471 , 3919
2 , 3610 , 2441 , 3888
2 , 3611 , 2437 , 3883
2 , 3612 , 2462 , 3896
2 , 3612 , 2501 , 3879
2 , 3612 , 2549 , 3886
2 , 3612 , 2591 , 3858
2 , 3613 , 2466 , 3865
2 , 3613 , 2587 , 3871
2 , 3614 , 2407 , 3910
2 , 3614 , 2441 , 3885
2 , 3614 , 2472 , 3901
2 , 3615 , 2556 , 3884
2 , 3616 , 2478 , 3885
2 , 3616 , 2479 , 3893
2 , 3616 , 2560 , 3876
2 , 3617 , 2459 , 3900
2 , 3618 , 2498 , 3893
2 , 3619 , 2452 , 3890
2 , 3620 , 2489 , 3907
2 , 3621 , 2468 , 3903
2 , 3622 , 2612 , 3904
2 , 3623 , 2462 , 3899
2 , 3625 , 2493 , 3913
2 , 3626 , 2458 , 3902
2 , 3626 , 2520 , 3872
2 , 3628 , 2543 , 3914
2 , 3630 , 2418 , 3886
2 , 3631 , 2421 , 3918
2 , 3631 , 2492 , 3906
2 , 3631 , 2565 , 3911
2 , 3635 , 2436 , 3922
2 , 3638 , 2426 , 3925
2 , 3639 , 2477 , 3917
2 , 3642 , 2469 , 3928
2 , 3646 , 2445 , 3919
2 , 3646 , 2472 , 3905
2 , 3646 , 2491 , 3935
2 , 3653 , 2483 , 3926
2 , 3653 , 2525 , 3928
2 , 3657 , 2497 , 3924
2 , 3659 , 2462 , 3930
2 , 3659 , 2508 , 3943
2 , 3659 , 2568 , 3945
2 , 3660 , 2497 , 3934
2 , 3661 , 2578 , 3948
2 , 3664 , 2585 , 3894
2 , 3666 , 2470 , 3934
2 , 3676 , 2570 , 3977
2 , 3679 , 2461 , 3963
2 , 3684 , 2641 , 3964
2 , 3685 , 2660 , 3945
2 , 3701 , 2570 , 3985
2 , 3701 , 2679 , 3984
2 , 3709 , 2611 , 3988
2 , 3729 , 2577 , 4020
2 , 3729 , 2582 , 4008
2 , 3778 , 2573 , 4142
2 , 3789 , 2540 , 4050
2 , 4049 , 2538 , 4323
2 , 4051 , 2538 , 4328
2 , 4065 , 2557 , 4353
2 , 4077 , 2587 , 4364
2 , 4096 , 2498 , 4354
2 , 4101 , 2556 , 4375
2 , 4115 , 2563 , 4376
2 , 4135 , 2621 , 4404
2 , 4154 , 2607 , 4434
2 , 4162 , 2635 , 4437
2 , 4174 , 2595 , 4447
2 , 52753 , 16048 , 53304
