256 , 13148 , 2329 , 13431
256 , 17854 , 2646 , 18140
256 , 3951 , 2290 , 4219
256 , 3954 , 2321 , 4218
256 , 3974 , 2297 , 4245
256 , 3988 , 2325 , 4245
256 , 3989 , 2297 , 4252
256 , 3989 , 2315 , 4251
256 , 3989 , 2339 , 4251
256 , 3996 , 2295 , 4263
256 , 3998 , 2338 , 4233
256 , 3999 , 2409 , 4253
256 , 4001 , 2296 , 4279
256 , 4006 , 2358 , 4268
256 , 4025 , 2292 , 4304
256 , 4027 , 2500 , 4279
256 , 4032 , 2342 , 4314
256 , 4032 , 3374 , 4309
256 , 4033 , 2295 , 4300
256 , 4042 , 2313 , 4264
256 , 4049 , 2323 , 4313
256 , 4050 , 2364 , 4300
256 , 4064 , 2411 , 4332
256 , 4066 , 2362 , 4331
256 , 4066 , 2491 , 4348
256 , 4067 , 2351 , 4328
256 , 4076 , 2318 , 4337
256 , 4083 , 2485 , 4333
256 , 4085 , 2445 , 4377
256 , 4087 , 2373 , 4388
256 , 4090 , 2438 , 4363
256 , 4092 , 2331 , 4347
256 , 4099 , 2477 , 4383
256 , 4106 , 2445 , 4385
256 , 4109 , 2423 , 4378
256 , 4111 , 2468 , 4381
256 , 4112 , 2389 , 4409
256 , 4114 , 2470 , 4387
256 , 4119 , 2484 , 4373
256 , 4121 , 2402 , 4377
256 , 4130 , 2469 , 4381
256 , 4130 , 2514 , 4396
256 , 4131 , 2474 , 4425
256 , 4132 , 2497 , 4385
256 , 4133 , 2451 , 4415
256 , 4134 , 2627 , 4387
256 , 4136 , 2485 , 4386
256 , 4137 , 2450 , 4411
256 , 4140 , 2486 , 4409
256 , 4140 , 2502 , 4394
256 , 4141 , 2485 , 4411
256 , 4141 , 2493 , 4414
256 , 4143 , 2445 , 4430
256 , 4145 , 2608 , 4427
256 , 4147 , 2450 , 4400
256 , 4148 , 2393 , 4420
256 , 4148 , 2443 , 4416
256 , 4148 , 2460 , 4400
256 , 4149 , 2478 , 4409
256 , 4150 , 2487 , 4404
256 , 4155 , 2471 , 4419
256 , 4158 , 2481 , 4410
256 , 4158 , 2519 , 4408
256 , 4159 , 2490 , 4423
256 , 4160 , 2505 , 4426
256 , 4161 , 2446 , 4466
256 , 4161 , 2458 , 4432
256 , 4161 , 2517 , 4410
256 , 4162 , 2464 , 4447
256 , 4162 , 2504 , 4430
256 , 4163 , 2469 , 4437
256 , 4163 , 2481 , 4437
256 , 4164 , 2458 , 4415
256 , 4165 , 2514 , 4449
256 , 4168 , 2469 , 4425
256 , 4168 , 2492 , 4445
256 , 4169 , 2473 , 4425
256 , 4170 , 2493 , 4425
256 , 4171 , 2437 , 4457
256 , 4171 , 2469 , 4433
256 , 4171 , 2484 , 4436
256 , 4172 , 2490 , 4429
256 , 4172 , 2498 , 4462
256 , 4173 , 2455 , 4488
256 , 4175 , 2519 , 4426
256 , 4177 , 2438 , 4444
256 , 4177 , 2483 , 4423
256 , 4177 , 2523 , 4446
256 , 4178 , 2443 , 4445
256 , 4178 , 2483 , 4429
256 , 4178 , 2516 , 4437
256 , 4178 , 2605 , 4433
256 , 4179 , 2427 , 4453
256 , 4180 , 2502 , 4442
256 , 4180 , 2506 , 4458
256 , 4181 , 2494 , 4434
256 , 4181 , 2496 , 4447
256 , 4182 , 2482 , 4443
256 , 4183 , 2481 , 4439
256 , 4184 , 2474 , 4469
256 , 4186 , 2482 , 4447
256 , 4186 , 2495 , 4437
256 , 4187 , 2448 , 4439
256 , 4187 , 2488 , 4442
256 , 4187 , 2518 , 4454
256 , 4188 , 2496 , 4451
256 , 4188 , 2608 , 4467
256 , 4189 , 2474 , 4447
256 , 4189 , 2478 , 4427
256 , 4191 , 2487 , 4452
256 , 4192 , 2471 , 4458
256 , 4192 , 2519 , 4460
256 , 4193 , 2449 , 4447
256 , 4193 , 2476 , 4459
256 , 4193 , 2478 , 4460
256 , 4193 , 2484 , 4448
256 , 4194 , 2489 , 4445
256 , 4195 , 2452 , 4464
256 , 4196 , 2478 , 4459
256 , 4197 , 2493 , 4479
256 , 4197 , 2502 , 4447
256 , 4199 , 2463 , 4450
256 , 4199 , 2476 , 4464
256 , 4199 , 2480 , 4425
256 , 4200 , 2488 , 4458
256 , 4200 , 2534 , 4453
256 , 4204 , 2540 , 4455
256 , 4205 , 2477 , 4482
256 , 4205 , 2492 , 4477
256 , 4206 , 2492 , 4473
256 , 4206 , 2499 , 4453
256 , 4206 , 2512 , 4458
256 , 4207 , 2490 , 4481
256 , 4207 , 2565 , 4514
256 , 4208 , 2487 , 4472
256 , 4208 , 2492 , 4472
256 , 4209 , 2460 , 4494
256 , 4209 , 2540 , 4479
256 , 4210 , 2516 , 4473
256 , 4211 , 2487 , 4509
256 , 4211 , 2564 , 4483
256 , 4213 , 2468 , 4468
256 , 4213 , 2502 , 4460
256 , 4213 , 2515 , 4465
256 , 4216 , 2465 , 4479
256 , 4216 , 2496 , 4467
256 , 4217 , 2443 , 4479
256 , 4217 , 2462 , 4468
256 , 4217 , 2553 , 4512
256 , 4218 , 2493 , 4511
256 , 4219 , 2526 , 4470
256 , 4220 , 2501 , 4489
256 , 4220 , 2515 , 4482
256 , 4222 , 2463 , 4479
256 , 4222 , 2525 , 4483
256 , 4224 , 2501 , 4489
256 , 4224 , 2504 , 4522
256 , 4226 , 2607 , 4481
256 , 4227 , 2475 , 4493
256 , 4228 , 2510 , 4498
256 , 4229 , 2490 , 4494
256 , 4230 , 2521 , 4499
256 , 4232 , 2551 , 4528
256 , 4233 , 2427 , 4505
256 , 4235 , 2542 , 4493
256 , 4237 , 2548 , 4525
256 , 4238 , 2516 , 4506
256 , 4240 , 2499 , 4504
256 , 4241 , 2575 , 4560
256 , 4245 , 2490 , 4499
256 , 4248 , 2513 , 4500
256 , 4252 , 2502 , 4549
256 , 4254 , 2496 , 4526
256 , 4256 , 2539 , 4540
256 , 4257 , 2545 , 4510
256 , 4258 , 2502 , 4543
256 , 4259 , 2569 , 4578
256 , 4260 , 2495 , 4511
256 , 4260 , 2526 , 4516
256 , 4260 , 2574 , 4511
256 , 4260 , 2590 , 4513
256 , 4262 , 2546 , 4522
256 , 4264 , 2531 , 4530
256 , 4264 , 2534 , 4518
256 , 4268 , 2499 , 4548
256 , 4276 , 2511 , 4529
256 , 4277 , 2506 , 4527
256 , 4285 , 2548 , 4559
256 , 4288 , 2557 , 4556
256 , 4292 , 2625 , 4600
256 , 4299 , 2536 , 4550
256 , 4313 , 2716 , 4619
256 , 4336 , 2555 , 4603
256 , 4637 , 2571 , 4909
256 , 4712 , 2619 , 4976
256 , 4726 , 2634 , 4992
256 , 4731 , 2754 , 5029
256 , 4762 , 2372 , 5049
256 , 5469 , 3813 , 5734
256 , 78350 , 26248 , 78915
