262144 , 1206114 , 364476 , 1206541
262144 , 694514 , 66450 , 694753
262144 , 694617 , 66447 , 694893
262144 , 694872 , 66530 , 695126
262144 , 695051 , 67680 , 695299
262144 , 695075 , 66911 , 695343
262144 , 695188 , 67701 , 695439
262144 , 695344 , 67734 , 695590
262144 , 695424 , 67504 , 695676
262144 , 695464 , 67888 , 695723
262144 , 695466 , 67835 , 695718
262144 , 695516 , 67610 , 695760
262144 , 695570 , 67690 , 695805
262144 , 695570 , 67830 , 695811
262144 , 695583 , 67521 , 695846
262144 , 695696 , 67952 , 695930
262144 , 695705 , 67686 , 695971
262144 , 695705 , 67737 , 695965
262144 , 695728 , 68343 , 696009
262144 , 695744 , 67833 , 695983
262144 , 695751 , 67857 , 695991
262144 , 695762 , 67659 , 695993
262144 , 695768 , 67943 , 696019
262144 , 695837 , 67614 , 696114
262144 , 695884 , 66301 , 696125
262144 , 695896 , 68038 , 696152
262144 , 695899 , 67897 , 696166
262144 , 695899 , 68352 , 696133
262144 , 695914 , 67802 , 696144
262144 , 695921 , 68055 , 696171
262144 , 695936 , 68116 , 696169
262144 , 695955 , 66931 , 696188
262144 , 696148 , 68270 , 696389
262144 , 696170 , 68028 , 696437
262144 , 696179 , 68227 , 696423
262144 , 696205 , 68278 , 696450
262144 , 696208 , 67965 , 696445
262144 , 696298 , 68438 , 696539
262144 , 696299 , 68007 , 696540
262144 , 696329 , 68138 , 696571
262144 , 696372 , 67515 , 696618
262144 , 696386 , 67401 , 696634
262144 , 696387 , 67563 , 696617
262144 , 696456 , 67227 , 696692
262144 , 696484 , 67884 , 696734
262144 , 696488 , 67754 , 696734
262144 , 696491 , 67677 , 696733
262144 , 696523 , 67406 , 696773
262144 , 696571 , 68681 , 696799
262144 , 696600 , 68398 , 696842
262144 , 696602 , 68210 , 696850
262144 , 696622 , 68485 , 696858
262144 , 696624 , 67922 , 696877
262144 , 696677 , 67872 , 696910
262144 , 696706 , 67579 , 696954
262144 , 696738 , 66974 , 696974
262144 , 696738 , 68365 , 696971
262144 , 696779 , 67660 , 697023
262144 , 696859 , 68114 , 697096
262144 , 696861 , 67749 , 697103
262144 , 696939 , 67769 , 697177
262144 , 696939 , 67847 , 697202
262144 , 696947 , 67942 , 697215
262144 , 696970 , 67389 , 697209
262144 , 696998 , 67849 , 697251
262144 , 697028 , 68363 , 697287
262144 , 697033 , 67933 , 697273
262144 , 697036 , 67801 , 697290
262144 , 697037 , 68031 , 697269
262144 , 697045 , 68953 , 697277
262144 , 697059 , 67896 , 697273
262144 , 697068 , 68201 , 697296
262144 , 697079 , 68056 , 697322
262144 , 697108 , 68117 , 697344
262144 , 697129 , 68978 , 697374
262144 , 697141 , 67970 , 697391
262144 , 697145 , 67949 , 697397
262144 , 697188 , 67825 , 697414
262144 , 697193 , 68007 , 697439
262144 , 697200 , 68037 , 697453
262144 , 697203 , 67970 , 697436
262144 , 697204 , 67468 , 697454
262144 , 697241 , 68129 , 697484
262144 , 697246 , 68087 , 697495
262144 , 697249 , 68072 , 697497
262144 , 697260 , 67864 , 697504
262144 , 697266 , 67971 , 697508
262144 , 697279 , 68980 , 697521
262144 , 697291 , 67915 , 697533
262144 , 697293 , 69361 , 697571
262144 , 697294 , 67970 , 697540
262144 , 697296 , 68097 , 697524
262144 , 697300 , 68036 , 697546
262144 , 697304 , 68068 , 697550
262144 , 697311 , 68381 , 697548
262144 , 697360 , 67974 , 697598
262144 , 697398 , 68042 , 697632
262144 , 697398 , 69214 , 697680
262144 , 697399 , 68305 , 697636
262144 , 697438 , 67955 , 697661
262144 , 697454 , 69440 , 697706
262144 , 697469 , 67495 , 697707
262144 , 697469 , 68203 , 697712
262144 , 697470 , 67936 , 697718
262144 , 697490 , 67687 , 697755
262144 , 697490 , 68204 , 697719
262144 , 697501 , 68715 , 697759
262144 , 697508 , 67928 , 697749
262144 , 697526 , 68135 , 697770
262144 , 697532 , 68331 , 697766
262144 , 697535 , 68140 , 697777
262144 , 697543 , 68206 , 697767
262144 , 697568 , 68279 , 697811
262144 , 697602 , 67979 , 697850
262144 , 697634 , 68902 , 697856
262144 , 697658 , 68049 , 697897
262144 , 697665 , 70111 , 697915
262144 , 697675 , 69205 , 697919
262144 , 697677 , 68382 , 697910
262144 , 697686 , 68467 , 697931
262144 , 697731 , 68120 , 697970
262144 , 697735 , 67938 , 697968
262144 , 697739 , 68012 , 698006
262144 , 697746 , 68152 , 697984
262144 , 697769 , 69526 , 698003
262144 , 697777 , 68108 , 698004
262144 , 697785 , 69887 , 698038
262144 , 697818 , 68086 , 698045
262144 , 697818 , 68521 , 698062
262144 , 697870 , 69176 , 698101
262144 , 697955 , 68593 , 698189
262144 , 697992 , 68428 , 698234
262144 , 698011 , 68607 , 698245
262144 , 698038 , 68191 , 698274
262144 , 698152 , 68172 , 698394
262144 , 698373 , 70380 , 698621
262144 , 698394 , 68190 , 698644
262144 , 698553 , 67928 , 698812
262144 , 698619 , 67958 , 698878
262144 , 698913 , 69028 , 699156
262144 , 699138 , 69707 , 699348
262144 , 703205 , 75654 , 703465
262144 , 703316 , 75584 , 703564
262144 , 703478 , 75853 , 703741
262144 , 703766 , 75848 , 704014
262144 , 703815 , 75889 , 704102
262144 , 706921 , 76902 , 707158
262144 , 709796 , 82291 , 710044
262144 , 713549 , 66580 , 713795
262144 , 716079 , 89050 , 716324
262144 , 716350 , 68282 , 716580
262144 , 716455 , 68324 , 716734
262144 , 716519 , 68902 , 716758
262144 , 716965 , 67178 , 717209
262144 , 716990 , 68388 , 717241
262144 , 717276 , 68752 , 717518
262144 , 717329 , 68238 , 717576
262144 , 717413 , 68896 , 717663
262144 , 717976 , 68708 , 718243
262144 , 718184 , 68775 , 718438
262144 , 718379 , 89510 , 718841
262144 , 718861 , 91206 , 719100
262144 , 720937 , 68080 , 721173
262144 , 722975 , 95429 , 723219
262144 , 723850 , 65035 , 724074
262144 , 724371 , 64168 , 724607
262144 , 724934 , 66531 , 725174
262144 , 729926 , 102335 , 730154
262144 , 730922 , 103007 , 731168
262144 , 731031 , 102614 , 731270
262144 , 731166 , 68669 , 731413
262144 , 732747 , 102967 , 732989
262144 , 734284 , 109332 , 734548
262144 , 736809 , 68751 , 737030
262144 , 737253 , 88852 , 737502
262144 , 737493 , 88517 , 737734
262144 , 740272 , 115697 , 740481
262144 , 743032 , 117267 , 743278
262144 , 744429 , 116468 , 744671
262144 , 744460 , 117003 , 744712
262144 , 744568 , 98352 , 744831
262144 , 745000 , 116777 , 745233
262144 , 745088 , 116713 , 745320
262144 , 745686 , 120238 , 745916
262144 , 746283 , 117014 , 746511
262144 , 746425 , 116720 , 746699
262144 , 748936 , 121531 , 749157
262144 , 750127 , 102620 , 750362
262144 , 750460 , 102964 , 750678
262144 , 758231 , 64525 , 758459
262144 , 763864 , 117087 , 764103
262144 , 763980 , 117133 , 764218
262144 , 764778 , 117973 , 765001
262144 , 765372 , 116952 , 765609
262144 , 765723 , 118822 , 765954
262144 , 768919 , 121757 , 769148
262144 , 769338 , 121938 , 769570
262144 , 770637 , 145112 , 770864
262144 , 780179 , 155791 , 780635
262144 , 787343 , 65476 , 787569
