4 , 12101 , 2209 , 12358
4 , 12498 , 2309 , 12783
4 , 17204 , 2648 , 17482
4 , 19788 , 2807 , 20077
4 , 3388 , 2277 , 3669
4 , 3393 , 2268 , 3655
4 , 3396 , 2276 , 3635
4 , 3410 , 2293 , 3704
4 , 3424 , 2268 , 3716
4 , 3426 , 2287 , 3701
4 , 3429 , 2282 , 3710
4 , 3429 , 2318 , 3707
4 , 3430 , 2241 , 3711
4 , 3437 , 2302 , 3729
4 , 3443 , 2283 , 3727
4 , 3451 , 2271 , 3732
4 , 3466 , 2325 , 3757
4 , 3476 , 2347 , 3763
4 , 3480 , 2315 , 3762
4 , 3488 , 2376 , 3794
4 , 3499 , 2409 , 3809
4 , 3515 , 2354 , 3795
4 , 3517 , 2397 , 3787
4 , 3518 , 2420 , 3770
4 , 3523 , 2408 , 3789
4 , 3525 , 2424 , 3785
4 , 3530 , 2446 , 3781
4 , 3531 , 2432 , 3802
4 , 3532 , 2444 , 3796
4 , 3536 , 2405 , 3822
4 , 3540 , 2439 , 3825
4 , 3540 , 2447 , 3811
4 , 3543 , 2405 , 3820
4 , 3543 , 2411 , 3816
4 , 3543 , 2493 , 3795
4 , 3544 , 2409 , 3816
4 , 3544 , 2431 , 3826
4 , 3547 , 2371 , 3831
4 , 3547 , 2430 , 3828
4 , 3549 , 2426 , 3817
4 , 3549 , 2498 , 3801
4 , 3550 , 2396 , 3822
4 , 3550 , 2407 , 3820
4 , 3550 , 2426 , 3829
4 , 3551 , 2391 , 3821
4 , 3551 , 2436 , 3828
4 , 3551 , 2445 , 3807
4 , 3552 , 2441 , 3810
4 , 3555 , 2487 , 3822
4 , 3557 , 2405 , 3842
4 , 3557 , 2480 , 3821
4 , 3560 , 2428 , 3829
4 , 3561 , 2424 , 3831
4 , 3562 , 2427 , 3830
4 , 3565 , 2432 , 3836
4 , 3565 , 2452 , 3840
4 , 3565 , 2457 , 3821
4 , 3566 , 2415 , 3862
4 , 3567 , 2440 , 3837
4 , 3570 , 2425 , 3841
4 , 3571 , 2407 , 3841
4 , 3572 , 2460 , 3824
4 , 3572 , 2487 , 3825
4 , 3573 , 2424 , 3842
4 , 3576 , 2414 , 3856
4 , 3576 , 2418 , 3843
4 , 3576 , 2488 , 3833
4 , 3580 , 2423 , 3851
4 , 3580 , 2440 , 3867
4 , 3580 , 2454 , 3847
4 , 3581 , 2461 , 3837
4 , 3581 , 2473 , 3865
4 , 3582 , 2428 , 3861
4 , 3582 , 2454 , 3864
4 , 3582 , 2457 , 3845
4 , 3582 , 2471 , 3869
4 , 3583 , 2462 , 3837
4 , 3584 , 2412 , 3833
4 , 3584 , 2432 , 3838
4 , 3584 , 2434 , 3865
4 , 3584 , 2435 , 3825
4 , 3585 , 2435 , 3869
4 , 3585 , 2480 , 3835
4 , 3586 , 2440 , 3866
4 , 3586 , 2461 , 3850
4 , 3586 , 2463 , 3870
4 , 3586 , 2491 , 3842
4 , 3587 , 2426 , 3854
4 , 3588 , 2488 , 3852
4 , 3589 , 2455 , 3874
4 , 3589 , 2509 , 3874
4 , 3590 , 2433 , 3842
4 , 3590 , 2490 , 3845
4 , 3590 , 2517 , 3839
4 , 3591 , 2415 , 3848
4 , 3591 , 2440 , 3849
4 , 3591 , 2468 , 3821
4 , 3592 , 2456 , 3855
4 , 3592 , 2472 , 3844
4 , 3593 , 2458 , 3844
4 , 3597 , 2470 , 3879
4 , 3597 , 2477 , 3893
4 , 3598 , 2446 , 3878
4 , 3598 , 2472 , 3877
4 , 3600 , 2465 , 3883
4 , 3601 , 2478 , 3865
4 , 3603 , 2457 , 3883
4 , 3604 , 2482 , 3854
4 , 3606 , 2435 , 3877
4 , 3606 , 2443 , 3862
4 , 3606 , 2456 , 3838
4 , 3606 , 2460 , 3831
4 , 3608 , 2427 , 3883
4 , 3609 , 2422 , 3874
4 , 3609 , 2507 , 3891
4 , 3610 , 2435 , 3882
4 , 3610 , 2468 , 3865
4 , 3610 , 2494 , 3863
4 , 3611 , 2453 , 3882
4 , 3612 , 2429 , 3864
4 , 3613 , 2431 , 3895
4 , 3613 , 2433 , 3882
4 , 3616 , 2457 , 3883
4 , 3616 , 2504 , 3883
4 , 3617 , 2444 , 3902
4 , 3618 , 2440 , 3911
4 , 3618 , 2460 , 3890
4 , 3619 , 2475 , 3898
4 , 3619 , 2498 , 3870
4 , 3620 , 2452 , 3888
4 , 3620 , 2463 , 3879
4 , 3620 , 2478 , 3873
4 , 3620 , 2488 , 3879
4 , 3620 , 2494 , 3894
4 , 3620 , 2572 , 3905
4 , 3621 , 2476 , 3885
4 , 3621 , 2486 , 3922
4 , 3623 , 2420 , 3896
4 , 3623 , 2452 , 3883
4 , 3623 , 2457 , 3883
4 , 3623 , 2462 , 3908
4 , 3623 , 2465 , 3907
4 , 3624 , 2451 , 3929
4 , 3624 , 2452 , 3896
4 , 3625 , 2580 , 3892
4 , 3626 , 2446 , 3904
4 , 3627 , 2437 , 3880
4 , 3627 , 2495 , 3894
4 , 3629 , 2473 , 3880
4 , 3629 , 2527 , 3883
4 , 3630 , 2490 , 3883
4 , 3630 , 2500 , 3903
4 , 3630 , 2534 , 3911
4 , 3631 , 2481 , 3895
4 , 3631 , 2485 , 3885
4 , 3632 , 2447 , 3888
4 , 3632 , 2486 , 3948
4 , 3632 , 2487 , 3869
4 , 3632 , 2505 , 3914
4 , 3634 , 2613 , 3887
4 , 3637 , 2562 , 3918
4 , 3638 , 2562 , 3916
4 , 3639 , 2492 , 3898
4 , 3640 , 2495 , 3925
4 , 3642 , 2462 , 3906
4 , 3642 , 2464 , 3924
4 , 3643 , 2455 , 3911
4 , 3644 , 2476 , 3894
4 , 3646 , 2464 , 3928
4 , 3650 , 2497 , 3906
4 , 3651 , 2472 , 3944
4 , 3651 , 2502 , 3905
4 , 3652 , 2476 , 3907
4 , 3656 , 2572 , 3934
4 , 3657 , 2538 , 3908
4 , 3658 , 2502 , 3913
4 , 3659 , 2665 , 3913
4 , 3662 , 2637 , 3916
4 , 3665 , 2489 , 3926
4 , 3665 , 2511 , 3915
4 , 3669 , 2496 , 3948
4 , 3673 , 2473 , 3938
4 , 3673 , 2573 , 3945
4 , 3678 , 2526 , 3930
4 , 3678 , 2533 , 3953
4 , 3679 , 2465 , 3943
4 , 3680 , 2432 , 3963
4 , 3681 , 2596 , 3950
4 , 3690 , 2582 , 3963
4 , 3708 , 2662 , 3971
4 , 3714 , 2572 , 4057
4 , 3941 , 2449 , 4220
4 , 4060 , 2610 , 4328
4 , 4078 , 2610 , 4346
4 , 4119 , 2598 , 4401
4 , 4119 , 2622 , 4393
4 , 4142 , 2626 , 4427
4 , 4150 , 2637 , 4424
4 , 4161 , 2634 , 4432
4 , 78350 , 26397 , 78904
