4096 , 13288 , 2795 , 13560
4096 , 13321 , 2856 , 13583
4096 , 13374 , 2904 , 13637
4096 , 13389 , 2910 , 13649
4096 , 13392 , 2911 , 13654
4096 , 13429 , 2862 , 13690
4096 , 13431 , 2932 , 13723
4096 , 13432 , 2878 , 13696
4096 , 13438 , 2886 , 13718
4096 , 13444 , 2920 , 13709
4096 , 13446 , 2920 , 13708
4096 , 13454 , 2896 , 13702
4096 , 13456 , 2940 , 13748
4096 , 13464 , 2958 , 13748
4096 , 13467 , 2879 , 13742
4096 , 13467 , 2933 , 13738
4096 , 13474 , 3023 , 13772
4096 , 13478 , 2940 , 13747
4096 , 13484 , 2959 , 13729
4096 , 13492 , 2950 , 13750
4096 , 13493 , 2895 , 13762
4096 , 13496 , 3016 , 13786
4096 , 13500 , 2969 , 13772
4096 , 13500 , 3043 , 13763
4096 , 13500 , 3101 , 13751
4096 , 13506 , 2948 , 13765
4096 , 13514 , 3067 , 13770
4096 , 13520 , 3102 , 13774
4096 , 13520 , 3103 , 13770
4096 , 13523 , 2954 , 13800
4096 , 13526 , 3093 , 13784
4096 , 13527 , 2923 , 13813
4096 , 13527 , 2961 , 13789
4096 , 13529 , 2937 , 13803
4096 , 13529 , 3051 , 13801
4096 , 13530 , 3082 , 13798
4096 , 13531 , 3111 , 13809
4096 , 13532 , 2997 , 13825
4096 , 13536 , 3047 , 13821
4096 , 13536 , 3084 , 13791
4096 , 13537 , 2980 , 13803
4096 , 13537 , 2993 , 13761
4096 , 13537 , 3017 , 13807
4096 , 13539 , 3018 , 13791
4096 , 13541 , 3065 , 13816
4096 , 13548 , 3046 , 13826
4096 , 13548 , 3079 , 13805
4096 , 13549 , 3043 , 13826
4096 , 13551 , 3066 , 13819
4096 , 13554 , 3080 , 13804
4096 , 13555 , 3097 , 13818
4096 , 13556 , 3105 , 13809
4096 , 13559 , 3109 , 13825
4096 , 13560 , 3057 , 13839
4096 , 13561 , 2956 , 13828
4096 , 13566 , 3122 , 13824
4096 , 13571 , 3047 , 13840
4096 , 13571 , 3079 , 13851
4096 , 13574 , 3091 , 13824
4096 , 13574 , 3120 , 13843
4096 , 13574 , 3129 , 13825
4096 , 13575 , 3047 , 13850
4096 , 13575 , 3071 , 13834
4096 , 13575 , 3100 , 13829
4096 , 13575 , 3119 , 13828
4096 , 13577 , 2993 , 13826
4096 , 13577 , 3110 , 13835
4096 , 13580 , 3044 , 13833
4096 , 13581 , 3068 , 13840
4096 , 13581 , 3126 , 13836
4096 , 13583 , 3043 , 13869
4096 , 13586 , 3104 , 13836
4096 , 13587 , 3113 , 13873
4096 , 13589 , 2967 , 13842
4096 , 13590 , 3124 , 13842
4096 , 13591 , 3061 , 13851
4096 , 13593 , 3087 , 13866
4096 , 13594 , 3093 , 13845
4096 , 13595 , 3066 , 13849
4096 , 13595 , 3089 , 13847
4096 , 13598 , 3070 , 13887
4096 , 13598 , 3080 , 13855
4096 , 13599 , 3081 , 13873
4096 , 13599 , 3093 , 13864
4096 , 13602 , 3080 , 13888
4096 , 13603 , 3079 , 13860
4096 , 13605 , 3117 , 13857
4096 , 13606 , 3066 , 13884
4096 , 13608 , 3103 , 13873
4096 , 13609 , 3056 , 13861
4096 , 13609 , 3122 , 13860
4096 , 13610 , 3078 , 13865
4096 , 13610 , 3118 , 13914
4096 , 13612 , 3057 , 13897
4096 , 13612 , 3171 , 13867
4096 , 13614 , 3081 , 13868
4096 , 13616 , 3111 , 13885
4096 , 13616 , 3131 , 13869
4096 , 13617 , 3060 , 13870
4096 , 13617 , 3122 , 13869
4096 , 13618 , 3048 , 13868
4096 , 13618 , 3066 , 13888
4096 , 13619 , 3097 , 13906
4096 , 13620 , 3051 , 13890
4096 , 13621 , 3081 , 13909
4096 , 13622 , 3074 , 13884
4096 , 13622 , 3085 , 13875
4096 , 13623 , 3066 , 13898
4096 , 13624 , 3052 , 13902
4096 , 13624 , 3086 , 13892
4096 , 13625 , 3123 , 13903
4096 , 13626 , 3097 , 13891
4096 , 13632 , 3093 , 13901
4096 , 13633 , 3072 , 13888
4096 , 13634 , 3078 , 13914
4096 , 13635 , 3110 , 13888
4096 , 13637 , 3083 , 13890
4096 , 13638 , 3112 , 13888
4096 , 13642 , 3103 , 13871
4096 , 13645 , 3084 , 13899
4096 , 13645 , 3146 , 13909
4096 , 13646 , 3074 , 13900
4096 , 13646 , 3110 , 13929
4096 , 13647 , 3092 , 13900
4096 , 13648 , 3132 , 13919
4096 , 13650 , 3111 , 13905
4096 , 13651 , 3106 , 13919
4096 , 13652 , 3147 , 13911
4096 , 13652 , 3185 , 13978
4096 , 13653 , 3050 , 13944
4096 , 13654 , 3140 , 13912
4096 , 13654 , 3141 , 13923
4096 , 13655 , 3102 , 13909
4096 , 13655 , 3145 , 13951
4096 , 13658 , 3133 , 13919
4096 , 13660 , 3066 , 13883
4096 , 13664 , 3068 , 13927
4096 , 13664 , 3106 , 13928
4096 , 13664 , 3110 , 13946
4096 , 13668 , 3133 , 13944
4096 , 13668 , 3139 , 13932
4096 , 13669 , 3082 , 13925
4096 , 13670 , 3137 , 13941
4096 , 13670 , 3160 , 13922
4096 , 13672 , 3202 , 13925
4096 , 13677 , 3087 , 13949
4096 , 13680 , 3136 , 13949
4096 , 13681 , 3105 , 13950
4096 , 13682 , 3153 , 13976
4096 , 13683 , 3094 , 13965
4096 , 13689 , 3125 , 13960
4096 , 13691 , 3141 , 13956
4096 , 13694 , 3120 , 13961
4096 , 13696 , 3185 , 14006
4096 , 13697 , 3119 , 13960
4096 , 13700 , 3122 , 13968
4096 , 13702 , 3098 , 13955
4096 , 13702 , 3111 , 13971
4096 , 13702 , 3118 , 13974
4096 , 13703 , 3124 , 13982
4096 , 13705 , 3111 , 13971
4096 , 13705 , 3207 , 14008
4096 , 13713 , 3119 , 13982
4096 , 13714 , 3134 , 13975
4096 , 13716 , 3082 , 13971
4096 , 13716 , 3173 , 13935
4096 , 13717 , 3168 , 13968
4096 , 13721 , 3146 , 13977
4096 , 13724 , 3089 , 14009
4096 , 13725 , 3109 , 13980
4096 , 13731 , 3183 , 14037
4096 , 13734 , 3110 , 14013
4096 , 13734 , 3111 , 14040
4096 , 13734 , 3112 , 14012
4096 , 13736 , 3126 , 14004
4096 , 13742 , 3120 , 14009
4096 , 13742 , 3150 , 13995
4096 , 13747 , 3087 , 14016
4096 , 13751 , 3133 , 14010
4096 , 13754 , 3191 , 14022
4096 , 13755 , 3171 , 14010
4096 , 13757 , 3127 , 14012
4096 , 13760 , 3141 , 14022
4096 , 13763 , 3294 , 14017
4096 , 13771 , 3103 , 14032
4096 , 13771 , 3146 , 14023
4096 , 13777 , 3199 , 14032
4096 , 13781 , 3109 , 14037
4096 , 13825 , 3225 , 14080
4096 , 14126 , 3239 , 14409
4096 , 14127 , 3217 , 14390
4096 , 14169 , 3280 , 14441
4096 , 14206 , 3317 , 14515
4096 , 14880 , 2542 , 15149
4096 , 15175 , 3347 , 15445
4096 , 15491 , 2912 , 15757
4096 , 22217 , 2832 , 22488
4096 , 23325 , 3111 , 23602
4096 , 27097 , 3079 , 27345
4096 , 82187 , 20283 , 82720
