524288 , 1393118 , 135650 , 1393312
524288 , 1393311 , 136067 , 1393490
524288 , 1393414 , 135687 , 1393603
524288 , 1393573 , 135785 , 1393708
524288 , 1393653 , 135578 , 1393854
524288 , 1393805 , 136312 , 1394013
524288 , 1394037 , 136486 , 1394242
524288 , 1394060 , 136470 , 1394234
524288 , 1394106 , 136596 , 1394313
524288 , 1394221 , 136571 , 1394429
524288 , 1394234 , 135932 , 1394420
524288 , 1394354 , 136331 , 1394558
524288 , 1394470 , 136542 , 1394656
524288 , 1394545 , 136425 , 1394730
524288 , 1394657 , 136176 , 1394836
524288 , 1394702 , 136452 , 1394867
524288 , 1394721 , 136347 , 1394917
524288 , 1394739 , 136178 , 1394930
524288 , 1394761 , 136483 , 1394948
524288 , 1394768 , 136481 , 1394940
524288 , 1394774 , 136064 , 1394897
524288 , 1394783 , 136843 , 1394986
524288 , 1394784 , 136499 , 1394971
524288 , 1394793 , 137477 , 1394975
524288 , 1394821 , 135885 , 1395000
524288 , 1394834 , 136174 , 1395047
524288 , 1394836 , 136406 , 1395009
524288 , 1394847 , 136820 , 1395030
524288 , 1394878 , 136486 , 1395058
524288 , 1394893 , 135940 , 1395064
524288 , 1394933 , 136236 , 1395132
524288 , 1394962 , 136198 , 1395139
524288 , 1394980 , 136258 , 1395154
524288 , 1394998 , 136719 , 1395171
524288 , 1395051 , 136428 , 1395194
524288 , 1395069 , 136051 , 1395240
524288 , 1395091 , 135961 , 1395269
524288 , 1395093 , 136396 , 1395288
524288 , 1395103 , 136349 , 1395266
524288 , 1395107 , 136200 , 1395302
524288 , 1395129 , 135995 , 1395307
524288 , 1395137 , 136339 , 1395326
524288 , 1395194 , 137412 , 1395392
524288 , 1395239 , 136636 , 1395424
524288 , 1395247 , 137735 , 1395416
524288 , 1395260 , 136790 , 1395445
524288 , 1395319 , 136149 , 1395503
524288 , 1395332 , 136670 , 1395522
524288 , 1395337 , 136230 , 1395529
524288 , 1395358 , 136267 , 1395548
524288 , 1395383 , 136740 , 1395589
524288 , 1395454 , 136441 , 1395662
524288 , 1395460 , 136417 , 1395626
524288 , 1395510 , 136026 , 1395693
524288 , 1395528 , 136307 , 1395736
524288 , 1395542 , 136749 , 1395715
524288 , 1395563 , 136726 , 1395764
524288 , 1395563 , 137430 , 1395735
524288 , 1395643 , 137354 , 1395837
524288 , 1395653 , 136569 , 1395844
524288 , 1395677 , 136668 , 1395873
524288 , 1395684 , 136695 , 1395848
524288 , 1395792 , 136173 , 1395950
524288 , 1395818 , 137050 , 1395993
524288 , 1395822 , 136461 , 1396000
524288 , 1395853 , 136834 , 1396036
524288 , 1395862 , 136348 , 1396035
524288 , 1395892 , 136574 , 1396064
524288 , 1395908 , 136359 , 1396088
524288 , 1395927 , 137594 , 1396111
524288 , 1395964 , 135862 , 1396135
524288 , 1396021 , 136478 , 1396199
524288 , 1396032 , 137159 , 1396206
524288 , 1396038 , 137369 , 1396209
524288 , 1396044 , 137068 , 1396221
524288 , 1396112 , 136972 , 1396301
524288 , 1396126 , 137031 , 1396341
524288 , 1396153 , 137024 , 1396352
524288 , 1396156 , 136313 , 1396359
524288 , 1396190 , 136600 , 1396378
524288 , 1396200 , 136686 , 1396378
524288 , 1396225 , 137039 , 1396434
524288 , 1396278 , 136543 , 1396456
524288 , 1396295 , 136453 , 1396472
524288 , 1396364 , 137039 , 1396528
524288 , 1396395 , 136904 , 1396578
524288 , 1396457 , 137427 , 1396638
524288 , 1396479 , 136907 , 1396668
524288 , 1396493 , 136270 , 1396663
524288 , 1396515 , 136537 , 1396673
524288 , 1396684 , 136747 , 1396845
524288 , 1396789 , 136464 , 1396974
524288 , 1396856 , 136460 , 1397049
524288 , 1396877 , 137939 , 1397043
524288 , 1396954 , 137461 , 1397131
524288 , 1397044 , 136496 , 1397219
524288 , 1397068 , 136964 , 1397276
524288 , 1397079 , 137121 , 1397261
524288 , 1397112 , 137388 , 1397276
524288 , 1397117 , 137014 , 1397306
524288 , 1397147 , 136869 , 1397337
524288 , 1397154 , 138915 , 1397331
524288 , 1397163 , 138215 , 1397348
524288 , 1397177 , 137472 , 1397377
524288 , 1397205 , 137371 , 1397383
524288 , 1397240 , 136837 , 1397427
524288 , 1397282 , 136756 , 1397472
524288 , 1397380 , 136913 , 1397578
524288 , 1397392 , 137023 , 1397543
524288 , 1397410 , 137153 , 1397576
524288 , 1397426 , 136409 , 1397601
524288 , 1397430 , 137445 , 1397591
524288 , 1397438 , 136817 , 1397621
524288 , 1397446 , 136553 , 1397633
524288 , 1397505 , 137017 , 1397702
524288 , 1397511 , 136792 , 1397714
524288 , 1397537 , 137908 , 1397727
524288 , 1397574 , 136986 , 1397746
524288 , 1397598 , 138943 , 1397771
524288 , 1397616 , 137835 , 1397778
524288 , 1397617 , 137185 , 1397801
524288 , 1397696 , 137285 , 1397865
524288 , 1397697 , 136314 , 1397884
524288 , 1397960 , 136325 , 1398156
524288 , 1397982 , 137593 , 1398163
524288 , 1397998 , 138551 , 1398178
524288 , 1398171 , 136436 , 1398374
524288 , 1398186 , 138809 , 1398357
524288 , 1398197 , 137085 , 1398367
524288 , 1398394 , 137748 , 1398591
524288 , 1398993 , 138138 , 1399158
524288 , 1401713 , 142282 , 1401905
524288 , 1403433 , 144310 , 1403611
524288 , 1404553 , 145468 , 1404779
524288 , 1406163 , 147546 , 1406346
524288 , 1412611 , 137148 , 1412786
524288 , 1412905 , 135219 , 1413115
524288 , 1413462 , 155701 , 1413676
524288 , 1413628 , 136715 , 1413822
524288 , 1414280 , 136038 , 1414455
524288 , 1414731 , 136185 , 1414890
524288 , 1415326 , 137253 , 1415567
524288 , 1415617 , 137413 , 1415800
524288 , 1415684 , 145924 , 1415880
524288 , 1415685 , 137372 , 1415895
524288 , 1415764 , 137259 , 1415933
524288 , 1418451 , 142084 , 1418641
524288 , 1418850 , 142349 , 1419058
524288 , 1419111 , 141903 , 1419318
524288 , 1419400 , 142874 , 1419598
524288 , 1419633 , 142343 , 1419831
524288 , 1419724 , 142598 , 1419923
524288 , 1419790 , 136961 , 1420004
524288 , 1419931 , 142301 , 1420131
524288 , 1419976 , 142569 , 1420185
524288 , 1420022 , 142583 , 1420225
524288 , 1420825 , 143774 , 1421023
524288 , 1420840 , 143352 , 1421038
524288 , 1421639 , 143142 , 1421833
524288 , 1422915 , 136005 , 1423086
524288 , 1424305 , 145698 , 1424503
524288 , 1430664 , 173094 , 1430886
524288 , 1432183 , 134440 , 1432382
524288 , 1432272 , 155547 , 1432467
524288 , 1432621 , 155328 , 1432820
524288 , 1432772 , 155446 , 1432962
524288 , 1432921 , 136710 , 1433160
524288 , 1432995 , 155841 , 1433203
524288 , 1433200 , 155587 , 1433387
524288 , 1433329 , 155646 , 1433531
524288 , 1433426 , 157597 , 1433631
524288 , 1434827 , 137160 , 1434993
524288 , 1434870 , 175971 , 1435076
524288 , 1434940 , 158157 , 1435135
524288 , 1436074 , 177761 , 1436518
524288 , 1436499 , 178969 , 1436904
524288 , 1437467 , 159276 , 1437680
524288 , 1438817 , 142396 , 1439020
524288 , 1440094 , 183430 , 1440257
524288 , 1441469 , 183993 , 1441678
524288 , 1443553 , 184407 , 1443738
524288 , 1445778 , 168897 , 1445919
524288 , 1446337 , 169494 , 1446517
524288 , 1447485 , 192725 , 1447706
524288 , 1447750 , 169852 , 1447945
524288 , 1453488 , 197239 , 1453666
524288 , 1454283 , 134668 , 1454492
524288 , 1454304 , 140535 , 1454505
524288 , 1456354 , 200167 , 1456523
524288 , 1459431 , 134181 , 1459636
524288 , 1460311 , 137204 , 1460493
524288 , 1466345 , 171049 , 1466524
524288 , 1467918 , 210964 , 1468088
524288 , 1468871 , 210972 , 1469051
524288 , 1481083 , 186726 , 1481238
524288 , 1483885 , 206367 , 1484092
524288 , 1503996 , 211519 , 1504183
524288 , 1512353 , 258244 , 1512792
524288 , 1532750 , 137375 , 1532921
524288 , 1791249 , 429878 , 1791646
