64 , 12963 , 2328 , 13249
64 , 17463 , 2671 , 17727
64 , 3486 , 2279 , 3749
64 , 3499 , 2352 , 3754
64 , 3519 , 2289 , 3781
64 , 3522 , 2237 , 3788
64 , 3532 , 2293 , 3793
64 , 3533 , 2328 , 3799
64 , 3541 , 2263 , 3785
64 , 3550 , 2414 , 3814
64 , 3551 , 2295 , 3813
64 , 3564 , 2311 , 3827
64 , 3569 , 2255 , 3834
64 , 3569 , 2305 , 3829
64 , 3576 , 2303 , 3840
64 , 3578 , 2346 , 3813
64 , 3592 , 2339 , 3853
64 , 3597 , 2338 , 3860
64 , 3606 , 2371 , 3873
64 , 3614 , 2311 , 3879
64 , 3619 , 2485 , 3887
64 , 3623 , 2328 , 3873
64 , 3627 , 2307 , 3889
64 , 3627 , 2377 , 3893
64 , 3633 , 2419 , 3908
64 , 3637 , 2308 , 3903
64 , 3638 , 2355 , 3934
64 , 3639 , 2358 , 3937
64 , 3640 , 2429 , 3911
64 , 3642 , 2396 , 3909
64 , 3644 , 2528 , 3934
64 , 3650 , 2448 , 3901
64 , 3657 , 2400 , 3920
64 , 3657 , 2489 , 3927
64 , 3658 , 2439 , 3913
64 , 3664 , 2475 , 3934
64 , 3666 , 2422 , 3918
64 , 3667 , 2425 , 3936
64 , 3667 , 2486 , 3917
64 , 3670 , 2412 , 3924
64 , 3670 , 2569 , 3923
64 , 3671 , 2497 , 3944
64 , 3672 , 2434 , 3938
64 , 3676 , 2462 , 3931
64 , 3682 , 2444 , 3969
64 , 3683 , 2456 , 3938
64 , 3683 , 2464 , 3967
64 , 3684 , 2425 , 3949
64 , 3685 , 2463 , 3955
64 , 3685 , 2616 , 3938
64 , 3687 , 2416 , 3956
64 , 3689 , 2503 , 3948
64 , 3692 , 2434 , 3942
64 , 3692 , 2460 , 3950
64 , 3692 , 2479 , 3916
64 , 3699 , 2501 , 3965
64 , 3700 , 2476 , 3955
64 , 3700 , 2481 , 3944
64 , 3701 , 2478 , 3970
64 , 3701 , 2495 , 3955
64 , 3702 , 2462 , 3960
64 , 3702 , 2468 , 3953
64 , 3702 , 2474 , 3971
64 , 3703 , 2522 , 3945
64 , 3704 , 2471 , 3967
64 , 3704 , 2484 , 3968
64 , 3706 , 2443 , 3972
64 , 3706 , 2468 , 3961
64 , 3708 , 2422 , 3974
64 , 3708 , 2460 , 3983
64 , 3711 , 2478 , 3981
64 , 3715 , 2481 , 3981
64 , 3715 , 2490 , 3974
64 , 3716 , 2497 , 3973
64 , 3717 , 2429 , 3986
64 , 3718 , 2503 , 3971
64 , 3719 , 2498 , 3977
64 , 3720 , 2435 , 3978
64 , 3720 , 2468 , 3985
64 , 3721 , 2481 , 3986
64 , 3722 , 2475 , 3987
64 , 3723 , 2476 , 3976
64 , 3724 , 2455 , 3990
64 , 3725 , 2466 , 3994
64 , 3725 , 2489 , 3981
64 , 3726 , 2460 , 3988
64 , 3727 , 2460 , 3981
64 , 3729 , 2463 , 3978
64 , 3729 , 2464 , 3984
64 , 3730 , 2382 , 3996
64 , 3730 , 2451 , 4016
64 , 3730 , 2457 , 3993
64 , 3731 , 2462 , 3999
64 , 3731 , 2478 , 3998
64 , 3732 , 2454 , 3987
64 , 3732 , 2495 , 3956
64 , 3733 , 2466 , 4000
64 , 3733 , 2480 , 3986
64 , 3734 , 2473 , 3986
64 , 3734 , 2501 , 3998
64 , 3735 , 2454 , 3996
64 , 3736 , 2482 , 4020
64 , 3738 , 2409 , 3995
64 , 3738 , 2487 , 3989
64 , 3739 , 2508 , 3994
64 , 3740 , 2483 , 3998
64 , 3742 , 2474 , 4009
64 , 3743 , 2449 , 4008
64 , 3744 , 2459 , 4021
64 , 3745 , 2480 , 4008
64 , 3745 , 2506 , 4016
64 , 3749 , 2434 , 4006
64 , 3749 , 2453 , 4001
64 , 3750 , 2455 , 4002
64 , 3750 , 2462 , 4007
64 , 3750 , 2503 , 4017
64 , 3751 , 2495 , 4001
64 , 3751 , 2514 , 4022
64 , 3752 , 2469 , 4004
64 , 3753 , 2637 , 4007
64 , 3754 , 2465 , 4012
64 , 3754 , 2490 , 4016
64 , 3756 , 2496 , 4007
64 , 3756 , 2570 , 4033
64 , 3757 , 2492 , 3988
64 , 3758 , 2488 , 4015
64 , 3758 , 2489 , 4024
64 , 3758 , 2525 , 4015
64 , 3759 , 2513 , 4015
64 , 3760 , 2482 , 4030
64 , 3761 , 2470 , 4017
64 , 3762 , 2454 , 4021
64 , 3762 , 2469 , 4051
64 , 3763 , 2476 , 4020
64 , 3763 , 2580 , 4041
64 , 3765 , 2510 , 4021
64 , 3766 , 2473 , 4029
64 , 3766 , 2485 , 4019
64 , 3766 , 2488 , 4020
64 , 3767 , 2484 , 4037
64 , 3768 , 2469 , 4032
64 , 3768 , 2474 , 4035
64 , 3768 , 2510 , 4017
64 , 3770 , 2492 , 4040
64 , 3771 , 2456 , 4041
64 , 3771 , 2457 , 4028
64 , 3771 , 2485 , 4038
64 , 3771 , 2492 , 4023
64 , 3771 , 2497 , 4037
64 , 3773 , 2535 , 4024
64 , 3773 , 2650 , 4038
64 , 3775 , 2535 , 4054
64 , 3776 , 2478 , 4041
64 , 3777 , 2530 , 4033
64 , 3779 , 2480 , 4036
64 , 3779 , 2491 , 4030
64 , 3781 , 2497 , 4048
64 , 3781 , 2517 , 4041
64 , 3783 , 2452 , 4038
64 , 3786 , 2479 , 4046
64 , 3787 , 2490 , 4038
64 , 3787 , 2517 , 4040
64 , 3788 , 2478 , 4044
64 , 3794 , 2517 , 4048
64 , 3796 , 2528 , 4049
64 , 3798 , 2478 , 4067
64 , 3800 , 2518 , 4017
64 , 3803 , 2499 , 4078
64 , 3803 , 2520 , 4068
64 , 3807 , 2497 , 4059
64 , 3812 , 2478 , 4066
64 , 3814 , 2503 , 4077
64 , 3815 , 2496 , 4084
64 , 3816 , 2461 , 4079
64 , 3818 , 2494 , 4068
64 , 3830 , 2510 , 4111
64 , 3833 , 2630 , 4102
64 , 3836 , 2531 , 4054
64 , 3837 , 2510 , 4094
64 , 3837 , 2640 , 4090
64 , 3843 , 2487 , 4095
64 , 3846 , 2500 , 4099
64 , 3846 , 2545 , 4170
64 , 3861 , 2530 , 4135
64 , 3861 , 2548 , 4113
64 , 3862 , 2544 , 4121
64 , 3889 , 2576 , 4202
64 , 3921 , 2608 , 4193
64 , 4038 , 2435 , 4299
64 , 4089 , 2455 , 4339
64 , 4151 , 2564 , 4418
64 , 4174 , 2578 , 4460
64 , 4186 , 2631 , 4446
64 , 4196 , 2597 , 4450
64 , 4230 , 2565 , 4499
64 , 4303 , 2681 , 4566
64 , 4459 , 2627 , 4718
64 , 4713 , 3013 , 5002
64 , 4852 , 1847 , 5112
64 , 77754 , 26161 , 78316
