65536 , 171474 , 16246 , 171765
65536 , 171558 , 16330 , 171833
65536 , 171559 , 16506 , 171841
65536 , 171582 , 16404 , 171868
65536 , 171585 , 16403 , 171872
65536 , 171603 , 16404 , 171888
65536 , 171631 , 16223 , 171925
65536 , 171633 , 16360 , 171887
65536 , 171634 , 16517 , 171924
65536 , 171636 , 16396 , 171897
65536 , 171638 , 16468 , 171928
65536 , 171642 , 16428 , 171932
65536 , 171644 , 16483 , 171921
65536 , 171658 , 16592 , 171947
65536 , 171659 , 16411 , 171943
65536 , 171659 , 16595 , 171936
65536 , 171660 , 16550 , 171962
65536 , 171665 , 16447 , 171959
65536 , 171671 , 16446 , 171940
65536 , 171680 , 16407 , 171963
65536 , 171694 , 16358 , 171984
65536 , 171695 , 16433 , 171983
65536 , 171695 , 16472 , 171982
65536 , 171696 , 16366 , 171979
65536 , 171707 , 16563 , 171971
65536 , 171709 , 16476 , 171994
65536 , 171713 , 16508 , 171994
65536 , 171714 , 16451 , 172007
65536 , 171715 , 16381 , 171994
65536 , 171717 , 16504 , 171980
65536 , 171721 , 16434 , 172007
65536 , 171734 , 16491 , 171997
65536 , 171735 , 16487 , 172019
65536 , 171740 , 16536 , 172011
65536 , 171741 , 16448 , 172009
65536 , 171742 , 16644 , 172023
65536 , 171755 , 16449 , 172078
65536 , 171774 , 16564 , 172055
65536 , 171778 , 16339 , 172058
65536 , 171779 , 16675 , 172058
65536 , 171785 , 16627 , 172065
65536 , 171789 , 16498 , 172052
65536 , 171802 , 16331 , 172115
65536 , 171806 , 16442 , 172097
65536 , 171806 , 16541 , 172089
65536 , 171820 , 16424 , 172108
65536 , 171826 , 16598 , 172104
65536 , 171827 , 16576 , 172107
65536 , 171828 , 16452 , 172109
65536 , 171835 , 16502 , 172113
65536 , 171836 , 16654 , 172105
65536 , 171843 , 16525 , 172121
65536 , 171846 , 16525 , 172112
65536 , 171847 , 16628 , 172137
65536 , 171852 , 16525 , 172133
65536 , 171854 , 16478 , 172121
65536 , 171855 , 16389 , 172122
65536 , 171856 , 16531 , 172125
65536 , 171856 , 16538 , 172144
65536 , 171863 , 16537 , 172141
65536 , 171865 , 16496 , 172139
65536 , 171866 , 16634 , 172142
65536 , 171881 , 16531 , 172143
65536 , 171883 , 16504 , 172161
65536 , 171891 , 16559 , 172171
65536 , 171891 , 16595 , 172194
65536 , 171896 , 16574 , 172183
65536 , 171897 , 16669 , 172199
65536 , 171901 , 16466 , 172165
65536 , 171904 , 16757 , 172184
65536 , 171910 , 16708 , 172209
65536 , 171929 , 16527 , 172205
65536 , 171936 , 16523 , 172202
65536 , 171938 , 16765 , 172204
65536 , 171941 , 16591 , 172212
65536 , 171945 , 16562 , 172234
65536 , 171946 , 16625 , 172214
65536 , 171948 , 16511 , 172218
65536 , 171950 , 16600 , 172244
65536 , 171953 , 16728 , 172258
65536 , 171955 , 16516 , 172226
65536 , 171955 , 16707 , 172221
65536 , 171957 , 16683 , 172216
65536 , 171961 , 16603 , 172251
65536 , 171961 , 16648 , 172231
65536 , 171963 , 16672 , 172239
65536 , 171971 , 16768 , 172257
65536 , 171975 , 16623 , 172276
65536 , 171978 , 16631 , 172258
65536 , 171987 , 16796 , 172272
65536 , 171988 , 16636 , 172267
65536 , 171988 , 16838 , 172252
65536 , 171989 , 16650 , 172227
65536 , 171991 , 16689 , 172267
65536 , 171997 , 16721 , 172284
65536 , 171998 , 16612 , 172287
65536 , 171998 , 16741 , 172274
65536 , 172011 , 16666 , 172282
65536 , 172020 , 16449 , 172307
65536 , 172024 , 16697 , 172300
65536 , 172029 , 16424 , 172302
65536 , 172045 , 16433 , 172331
65536 , 172047 , 16751 , 172307
65536 , 172048 , 16846 , 172329
65536 , 172050 , 16749 , 172315
65536 , 172056 , 16871 , 172332
65536 , 172067 , 16746 , 172341
65536 , 172083 , 16752 , 172364
65536 , 172088 , 16600 , 172363
65536 , 172088 , 16696 , 172368
65536 , 172092 , 16758 , 172378
65536 , 172098 , 16859 , 172371
65536 , 172099 , 16882 , 172350
65536 , 172118 , 16788 , 172384
65536 , 172122 , 16878 , 172396
65536 , 172144 , 16611 , 172428
65536 , 172160 , 16702 , 172432
65536 , 172162 , 16619 , 172428
65536 , 172165 , 16761 , 172458
65536 , 172165 , 16878 , 172431
65536 , 172172 , 16791 , 172448
65536 , 172173 , 16753 , 172456
65536 , 172173 , 16791 , 172441
65536 , 172177 , 16364 , 172453
65536 , 172178 , 16825 , 172472
65536 , 172193 , 16902 , 172480
65536 , 172195 , 16889 , 172456
65536 , 172208 , 16927 , 172499
65536 , 172215 , 16869 , 172497
65536 , 172233 , 16997 , 172466
65536 , 172235 , 16629 , 172511
65536 , 172248 , 16891 , 172525
65536 , 172249 , 16525 , 172549
65536 , 172267 , 16826 , 172559
65536 , 172267 , 16908 , 172554
65536 , 172268 , 17132 , 172535
65536 , 172275 , 16800 , 172556
65536 , 172278 , 16901 , 172564
65536 , 172290 , 16941 , 172575
65536 , 172307 , 16849 , 172567
65536 , 172309 , 16797 , 172592
65536 , 172316 , 17141 , 172588
65536 , 172324 , 16637 , 172604
65536 , 172326 , 16729 , 172604
65536 , 172334 , 16593 , 172625
65536 , 172340 , 16589 , 172602
65536 , 172361 , 16744 , 172634
65536 , 172364 , 16616 , 172638
65536 , 172365 , 16693 , 172649
65536 , 172373 , 17016 , 172680
65536 , 172376 , 17035 , 172725
65536 , 172392 , 16643 , 172665
65536 , 172454 , 17297 , 172764
65536 , 172457 , 16766 , 172738
65536 , 172477 , 16866 , 172768
65536 , 172497 , 16735 , 172772
65536 , 172559 , 16828 , 172847
65536 , 172565 , 17031 , 172847
65536 , 172570 , 17002 , 172853
65536 , 172593 , 17002 , 172872
65536 , 172664 , 16792 , 172956
65536 , 172689 , 17290 , 172972
65536 , 172707 , 16851 , 172991
65536 , 172828 , 17293 , 173117
65536 , 173161 , 16220 , 173467
65536 , 173328 , 16460 , 173577
65536 , 173371 , 16696 , 173679
65536 , 173380 , 16567 , 173680
65536 , 173389 , 16762 , 173686
65536 , 173407 , 16631 , 173696
65536 , 173444 , 16758 , 173733
65536 , 173452 , 16694 , 173747
65536 , 173485 , 16738 , 173757
65536 , 173488 , 16797 , 173790
65536 , 173555 , 16977 , 173837
65536 , 173621 , 16873 , 173915
65536 , 173643 , 16696 , 173935
65536 , 173654 , 16905 , 173940
65536 , 173668 , 16932 , 173948
65536 , 173709 , 16897 , 174002
65536 , 173764 , 16882 , 174054
65536 , 174098 , 17158 , 174396
65536 , 174157 , 17122 , 174459
65536 , 174160 , 17208 , 174453
65536 , 174427 , 17407 , 174707
65536 , 174484 , 17147 , 174788
65536 , 174569 , 17329 , 174859
65536 , 178805 , 22074 , 179089
65536 , 179918 , 23040 , 180230
65536 , 180181 , 25208 , 180468
65536 , 180223 , 25306 , 180510
65536 , 180787 , 25718 , 181061
65536 , 181028 , 25892 , 181309
65536 , 181106 , 25974 , 181378
65536 , 181454 , 26290 , 181675
65536 , 182037 , 16906 , 182327
65536 , 185523 , 29215 , 185793
65536 , 186288 , 16180 , 186555
65536 , 192388 , 16713 , 192686
65536 , 198667 , 30877 , 198894
